 0  0  5  0  0 12
 0  0  7  0  0 24
 4  0  0  0  0  3
 8  8  8  0  0  8
 6  2 16 31 20 11
 2  9 25 29  3 16
15 31 16 29  7 20
14 23 17 18 29 27
23 19 16 24 26  0
 3 28 18  2 20  6
 9  0  8 18 23 24
31 15 24 29 14 23
 5 12 26 21 25 23
21 25  1 14 31 24
 4 14 20 30 12 30
28 20 21 23 16  0
23 28 17 18  8 26
13 31 26 20  2 16
10  4 15 18  7 29
 2  5 25  9  1 18
11 25 25 10  6 23
 3 31  6  7  2  9
15 25  5 13 18 15
 0  9  3  7  5 30
 4 11  8 14  7 18
10 20  0  1 14 10
29 11 27  7 12 13
26 12  0 29 18 26
14  3 18 28 21 26
14  7 27 11 28  0
19  1 17 30 30 22
21  7  7 16 28 16
11  6 28 28 28 13
 1  3 22  0 14 11
28  7  6  6 23 19
16 23 28 24  9 31
30  9 22  7 21  2
 9 20 25 17 25  8
 9 15 27  6 12 22
 4 15 13  4 10 20
15  6 29 22  0  4
 8 25 11 16 19 22
 9 12  2 29 28 23
12 18 28 31  2 30
23 24 31  9 29  8
18 22 12 23  0 10
27 20 28 10  0  5
16  0 20 13  3 25
30  0 13 30 18  7
11  1 15 28 24 16
22 17 24 23 11 12
31 21 14 22  4 31
21  6 12  1  2 18
16 29  1 14 12 14
21  0  6 14 31  9
10 26 20  1  6 27
28 18 11 12 17 28
14 19  4  6  6  2
 1 17 16  5 12 24
25  5 29 28  9 18
25 21 24 14  2  5
22  4 28 31 12 28
 3 14  5  7 15  3
 3 18 29 17 30  3
 2 31 17 11 11  2
 8 20 17 23  3  7
16 12 24 11 26  5
19 14 13 22  4  8
30 30  6 20  5 31
31 25 27 15 14  6
 3  8  1 22  6 16
14  5 25  4 30 26
24 11 15  6 15 20
 2  0 10 13 22 15
29 16  3  8 25  5
15 29 17 24 10 11
27  8  5 23 29 24
19 22 15 30 29 25
21  0 31  9 18  2
 4 23  3  1 19 13
15 27  9 25  5  0
23  4  9 23 22 18
25  2 30 14 24 24
 0  5  9 12  9 30
 6 31 12 11 29 26
 1  7 30 18 28 28
28  8 18  9 26  4
29  2  9  9 30 13
31 25 12 19 18  6
23 28  3 26 24 24
 6 17  2 18  0  4
14  6 23 20 12 14
17 21 25 17 15  3
24 22  9  7  4 30
 7 21 22  0 18 29
22 30 21  9 27  3
17  8 12 13 19 11
22  4 14  9 15 17
 1 22 23 11  5 27
22 27 20 18 25 11
 3  1  4 29 19  2
22  8 16  3  4 25
 1 24 22  8  1  2
22 22 22 28 29 31
11 27  0 20 26 23
22 12 12 26  8 15
15 22  8  6 31 12
12  5  2 14 11 16
15 27  5 30 14 17
 1 23  4 16 17 21
 6  4  3 11 19 22
16 11 31  5 31  2
26 17  2 18 24 12
13  1  7 17 18 28
21  5  7  3  0 20
13 18 19  3 28  6
24  7  8 29 25  8
29 29 31 17  7 13
16 21 26 28 27 22
 3  8 18 25 12 26
14  1  1  1 16  5
13 17  2 16 25  0
21  6 29 10 19 21
23  7 10  7  7  3
 4 28 29 10 26 28
 0 30 22 22 16  4
 7 13  3 10 28  7
17 14  5 12 29 26
 2 15 16 24 29 19
27  8 31  6 26 18
28 27 15 14 13 29
27 31 31 26 25  8
 7  3 13 18 10 22
16 17  3 30 16 30
31 20  4  0  3 28
16 17 31  9 31 27
17 18 11 13 13 25
11 21 19 25  4  7
 0 24  3 26 18  0
27  7 29  3  7  4
 5 23 31 18  3 19
26 31 13 30 26  6
18  3 22  5  2  8
31 20 11 13 13 23
20  1  3 16 26 13
14 14 10 28 31 27
25  9 13 24 18 11
10 23 29  1 15  5
22 23  5 18  3 24
19 29 22 13  5 21
 8  6 20  0 24  9
10 25 29 27  6 20
 1 19 28  5  6 31
 1  1 22  1 16 25
 1 23  6 17 25 17
26  0  1  9 14 19
18 25 12 25  7  0
26 11  0 16  9 28
 7 22 18  6 18 28
16 18 12 10  5 19
26  1 30  3 20 26
27 20 18 27 21 17
24 16 24  8 20 18
18 31 30 21 17  0
11 17 30 15  4 12
25 20  0 23 12 28
31 15  5 23 17  0
18 21  2 22 22  9
 3 31  5 15  0 11
21 16 21 20 26 17
 7  4 27 21 24  7
 0 12 19 31  2 26
30 25  1 28 15 10
 9  1 28  1 24 31
31  6 22 14 20 28
21 14 16 25  1  6
 1  0 21 29 27 27
14 23 22 25 28 10
16 16 24 18 19 21
 4 31 26 14 23 23
12 27 29 27 26 11
29 25  7 30  0  4
21 20 19  7 27  4
 2 13  5 27 13  8
 3 28  7 27  8  8
 2 29 28  9 31 24
17 23 21  0 31  1
 8 17 19 20  4  5
13 25 25 18  7  9
31 18 27  1  8 17
11 16  5  9  8  9
18 18 24 27  4 20
28 20 31 27 12 19
16 18 26 19  9 26
 5  8 24  7 14 21
23 22  8  9 13  2
30 25 21 29 22  4
24  3 23 31 26  2
15  2 27  7  9 20
 0  4 30 19 14  3
 6  8 12  8 10 19
 6 27 23  6 11 13
29 12 19  6 16 12
17 24 27  3 11  7
 1 28 30 22  6 15
12 30 15 21 12 18
23  7 18 18 17 12
17  0  5 17  5 27
 5 20 16 17 24 23
 4  5 28 12 16 22
18  9 30  2  0  0
17 12 15 27 11  8
 0 30  9 12 28 31
 7 18 11 21 17 14
 5 26  6 13 27 29
20 16 18  5  1 10
30  2 28 31 12 16
11 17 28 12 30  8
16 25 29 12 16 19
20 10  6  3  1 28
 6 31 21 13  9 31
 9 26  6 21 11 17
 4  5 30  5 30 24
26 16  3 29 28  3
26 28  9 28 25  4
24 27 23  6  8  1
31 13 13 26  8  9
 3 28 25 24 20 15
11  6 28 12 28 30
24  9 11 18 17 19
29 19 26 15 20 17
 6  4  4 20 10 31
 6  1 15  0  3 24
30 12  6  0 14 23
 2 22  9  5 14 13
16 13 23  6 29 19
11 25  4  3 31 28
18 23 30 19 21 28
15  5 25  6 17 16
16  9  8 25 20 13
18 27  5 17 30  7
13 26  2 15 25  0
12 14 13 18 27  3
 3  9  0 16 12 25
 8 15  5 28 19 23
11 17 27 12  0 13
30 27 23 13  0 12
10  3 27  1 16 29
 5 16 12  8 28  5
13 30 27 20 16 14
25  1 23 18 17 19
21 24 13 21 24  0
27 17  7 15 22  1
27 15 21 13 10 23
 7 21  0  3  7  2
27 27 20  3 11 29
23 24 21 11 12  4
17 15 15 28  2 24
25 30 11 21 27  5
29 13  6 12 13  1
13  6 25 19 23  2
17 15  8 24 10 26
 9 13 17 17 15 18
22 30 30  9  5 29
16 15 30 23 14 30
 4  1 30 31 20  7
29 28 29  5  2 18
 9  9 12 31 16 14
28  9 15 25  4 15
22 13  0 10 13 27
28  9 11 23  1  2
 0 29  2 22 15 18
25 21 12 26  5 18
23  8 20 21 28 31
30 10  0  1  5 22
 4 30  0 11  7  7
26 14 15 17 24  4
31 30  8  2 23 13
25 31 23  9  7  4
11 20 16 22 24 17
22 23 19  2 30  5
16 17 14 23  3 10
20 21 16  8 21  4
18 21 13  0 29  1
 6 14 20 18  7  7
19 25 10 28 18 30
15 21 31 27 25 21
28 15 27 29 11 16
 0  7 24  0  0 14
 3 11 17  5  3 20
30  3  5 25 11  3
16  8 30  7 30 19
15 30 12 25 10 30
28 19  3 29 24 15
 6  0 30 18 15 30
 3  1 25 20  4  7
22 16  8 17 19 10
16 31 28 26 24  3
28  0 20 10 26 23
22 15 10 26  2  9
 3 16 16 26 13  3
11  6  4 31 17 31
24  3 13 15  3  7
 5 10 21 24 26 21
11 18 23 25  7  2
20 16 28 27 21 15
 0  6 20 23  9 21
22  4 12  3 17  0
31  4 24 13 25 26
 6 12 28  9  7 29
 5 11 30 10 13 25
 6 29 23 17 29 30
 0 10 15  3 25 20
 7 30  8 23 20 12
 0 13 17 18  9 23
11 31 31  6 11 19
29 12 21  6 20 26
 1 26 31 28 13 14
 1 29 24 10 24 28
 0  8 11  3 13 23
28 20 18 14 29 18
 4  7 17 20  8  0
27 13 16 15 20 24
26 18 17 11  4 21
31 31 16  9  3 30
 4  5 10  7  4 30
21  4 10  2 11  6
27 10  2 29 12  0
 0  1 24 19 30  2
 9 25 25 18 11 11
10 14 14  6 21 28
30 17 26  6 19 19
20 11 27 15 22  2
28 15 23  7 28  9
 1 20 30 23 19  5
26  3 20 26 16 14
31 22 15 29 24  5
23  2 31  6 10 22
 6 30 31 19 16 19
28 14 31  1  1  4
17 27 19 23  5  3
29  2 13 23  8 18
 0 10 21 22  7 29
13 23  8 30  4 30
24 30 29  1 22 19
 1  8  8 22 14  6
29 11 25 31 20 19
 9 17  2 25 10  1
11  1 17 24  9 15
25 19 21 31  6 21
30 16 24  4 23 11
 9 11 25 19  9 15
27 24 23 13 16 15
 5  2  1 19 14 12
12 31 21  1  7 30
 4  0  6 28 29 10
21 21  3 23  6  7
22  4 13  1 23 16
11 30  6 29 22 12
23 30 22 18  1  9
15 29 18  3 23  9
18 30  3 22 18 16
23 30 14 30 24  3
18 14 25 28  1  8
13 18 16  6  3  6
 7 13 13  3 16 23
19 17 29  3 15 13
26  2 13 17 23 17
 1 26  9 17  9 26
10 28  6 31  0 19
20  7 21 30 29 24
17 11 21 28 11 10
 3  1 29 27 16 24
21  8 18 23 11 20
20 19  1 13 19  2
23 15 21  1  2 17
10 10 11  5 26 27
 0  4 14  4  0 27
31 25 31  2 26  2
 6 28  6 14 28 13
 2  8  4 20 25  9
20  4 24 31 13 30
16 15 14  3 25 24
20  2 31 30 13 16
31 14  7 21 22  0
25  4 29  1 24  1
28 16 15 19  7 28
 7  7  5 25 22  5
23 13 25 23 12 28
19 16 12  4 28  9
 8 22  3  0 24 23
10 11 22  5 16  5
 1 11  5  3 26  6
12  1  5  6  8 12
 5 31 25 30 24  4
13 27 14  3  1 15
30 26 20  3 20 24
 0 23 16 31 15 19
14 16 27 22 23 27
29 17  9  4 14  3
27 29  5 14  9 10
21 29 27 30  9 14
 8  5 30 28 20  0
24 19  2  8  2  6
27 17  1 29 30 24
 1 14 20 23 27 13
15  3 23 27  7  6
 7 30  0  8 23  4
24 23 28 11 31 30
25 17 23 30 17 21
 9 12 10 29 26  1
 9 19 28 24 18 11
 5 16 11  1 24 20
13 27  2 17 26  7
31 25  0 29  5 12
 5 11 14 15  0 21
25  1 14 28 13  1
 2 17 29  8 16  7
22 24 11  7 25 14
18 10  2 10  0 29
 8  8 19 30 25 21
24 18 22 21  3 23
23  0 19 30  7 14
30 14  4 23  8  5
23  8 24 25 17 14
 7 23 29 27 24 15
26  3 31 20 16  8
 2 30 29  2  5  1
18  2  7 22 19  5
 0 29 10  8 17  8
27 17  2 25 24 29
31  3  7 27 26 16
25 15 19  8 16 30
 4  4 17 27  1 13
22  1 22 13  9 21
 3 13 30 14  9  2
30 31 31 15 22  6
14 24 28 14 16 26
 4  9  7  3  9  8
12 23  2 17 21  8
30 21 29  7 16 19
31 12 25 13 31  5
28 20  4  1  3 20
 6 13 25 31  2 18
 7 22 26 12 19 28
16  8 19 16  2 15
18 24 15  3  4 10
24 23  6  9 23  8
 8 13 15 22 14 11
23 19 27 29 28  8
13 20  8 18  1  3
29 28  9 26 29 11
24 31 27 20  1 28
 3 16 22 17 28 23
12 11 15 17 10 18
16 29  4 23 29 24
 0 29 27  2 30 17
24  9  4  1 10 29
17  7  6 21 18 28
19 28 24 26 24 30
26  1 12 10 24 15
10 28  3 28 12  4
 1  7 29 20  2 30
 2 18 15 17  3 30
21  5 27 20 30 10
14 18 28 14 18  1
22  0 29 19  6  0
23 23 28  6  0  9
21 20 31 15 19 10
24 19 14 21 12 18
 2 20  2 12 28 10
 9 29 20  4  1 24
23 21 10 22  4 12
15 24 28 10 20 27
20 18  8  8 13 31
27  8 24  0  4 14
17 10  6 17 18 26
16 12 13 31 19 31
 0 22 27 30 28 10
 8 26 27  6 11 29
15 31  9 18 23 12
11  0 13 16 23  8
15 21  2 20  5 27
15 15 29  6 30 25
19 16 28 19 30  9
 3 10 12  9 13 17
 9  7 18  9 28 25
20 30 25 29 30  6
 9  8 20 20 12  6
 0 29 25 27 11 13
22  9 20 30 13  6
 6 24 29 10 18  6
18 11 17  8  6 22
 2 14 11 28 18 27
20  4 22 30  3  2
 7 18 29  5 23 25
 5  2 27  7 16 10
10 24 18  5  3 18
20 30 10 25  6  3
 5  0  5 26 23 28
10 25 18 28 23 11
 0  5 31 30 22 11
12 23  4 19  6  5
11 14  6 14  0  0
11 14 22 11 25 19
20  2  5 18 22 11
28  0 16  1 15 23
 4  5  7 22 16 18
 0  3  7  3  5 20
23 19 11 25 18  5
11 27 17 25 14  9
 5  8 25  5 22 22
 9 13 23 13  4  3
 3 20 30  2  0  6
10  2 30 26 22  6
 2  2  2 10 19 10
12  5 14 23 20  9
15 21 28 21 15 15
 9 30 26  3 30  2
24 23  1  0 22 30
 6 17  2  1  3 15
26  4  1  1 19 26
30 12 13  7 24  0
11 24 10 21 22 20
10 19 18 24 31 21
30 10 12 20  7  1
23 15 28 24 19 15
20  1  0 30 30 24
 8 15 15 24  5 22
 2  2  3 22 25 28
15 17 13 27 20 18
21 18  2 29 23  0
 1 13 18 19  5 27
23 15  1  7 18 22
19 30  0 20 14  8
29 16  6 25 16  4
 4 24  9  3 24  3
 8 31  3 16 29 18
 0 31 27 27 13 21
29 29 14 22 22 22
28 14  7 26 10  0
25  8  1  3 16 15
12  0 20  0 13 21
20  7 27 15 12 16
23 14 19  6  0 28
20 29  8 22 30 15
25 18  6 11  8  8
11  4 15  9  5  4
16  3  1 18  3 30
26 10 16  0  7  2
 2 14 23 28  9  0
13 12 13  4 23 15
17  3 21 25  5  8
28 30 16 14  3 18
 5 21 20 19 17 12
24  2 12 11 31 30
17  8  9 14 28 11
18 26 27  6  6 17
23  7  6 24 24  9
16  6  2 26 11 21
 8  1 21 12 12 18
 6 14  3  6 21  8
29 22 20  4 14 11
15 24 20  7 31 16
17 31 10 28 28  1
 8 27 14  2 24 17
10 16 19 24 13 30
31  4 18 23 15 17
16 24 10  6 13 26
 6 31 30 26 26 13
 4 10  9  2 18 22
15 30 11 14  4 16
30 14 16  1  7 27
21 26 15 22 19 16
18 30 26 16 13  3
31  0 21  5 17  0
14  8 27 18  0 24
13 31  6 21 31 27
13 25 27 22  3 20
13 14 18 24 20  5
15  1  4 29 23  0
 8  8  1 25  8 17
 7 12 13  1 20 13
 5  5 19 30 13  0
14 27 15 17  0 24
11 10  5 19 19 25
28 22  0 10 26 17
 3 26 30 24 29 30
13  0  4 12  9 15
 8  0  9  9 21 18
26 25 29 20  6 10
29 29 17 30  2  3
31  0 23 17  5 25
17  4 15 27  5  0
17  4 27 15 23 22
 6 22  5  4 22 10
 8 17 22 16  2 31
 9 13 10  2 21 13
10 20 19 31 14 14
30 27 10 22  4  4
22 21  8 23 21  9
17 10 19 17  2  3
11  8  0 25  4  3
27  5 26 25 30 22
 1 19 27 18 12 27
27 19 31 29 23 26
24  6 11 24  0  4
31 30 20 26  1 30
 2  3  3 24 19 17
15 21 18  1 30 14
15 16 17  3 26 15
21 19 30 23  5 23
 3 24 16 27 21 20
12 28  4 20 11 20
 1 30 14  0 19 31
25 20 20 15 21 12
12 11  1  8  0 14
17 11 20 15 19 16
12 19 25 27 13 26
21  3 14 23 24 10
28  9  8 24  9 18
29  4 29 21 10 20
29  5 29 15 12 12
23  8 13 27 29 10
17 30 22 14  8  0
18  1 10 16  3 17
29 17  8  9  9  4
 7 20 28  6 12  6
 0 17  1 14  3 17
 5 25  0 24 27 11
 6 22 22 11 18 23
26 30 21  3  0 29
11 23 31  8  1 11
 3  1 21 13 11 20
 4 16 25 22 15  2
19  0 12 15 27 28
11  6 27 24  7 22
18 31 23  7 25 22
16 14  7  9 15 25
15 31 24 28 17 14
13 10 18 31 20 21
21  1  3 11 22 30
27 22 15  4 13  5
24 13  4 16  5 13
27  6 10 29  0 16
29 12  4 16 20 27
24  8  4 25 26  0
30  6 19 26  4 18
 7 16 12  5 26 17
19 12 10 16 28 20
 6  7 25  2 11 10
 4 15 16 11 26 26
12 27 10  8 22  3
 6 24  5 12  9 16
14 14 22 15 15 23
11 28 15 15  6  1
16 15  1 26 11 31
25 18  8 22  7 25
 9  4  3 28 26  0
 4 21  5  2  1  4
12 19 25  1 13 10
15 22 23  8 20 24
14  8 29 26 10 13
25 24 25 18  5  3
17 15 12 20 11 19
17  0  4 22 21 12
21  8  1 14 14 22
 2  6  7 25  5  8
31 30  1 14  8  4
14  1 10  6 30 24
31 23 31  3  6  4
24 11 23  7  0  9
14 30 25 28  1 20
 8 15 25  6 11  4
24 23 12 18  7 10
23  7  0 27  1  4
10  8 24 24 29  0
 8  4 16 25 21 12
23 31 18  0 13 19
25 20 11 10 12 31
13 20  8 14 24  8
 6 16 31 30  6  0
 2  4 12 25  0 22
 7 25 22 29 11 19
27 19  3  0  8 19
22  8 13 31 21 21
12  1 16 17 18 10
18  1 15  8 29 23
 8  7 12 24 26 23
 3  9 12 11 27  4
11 27  7  4  5  4
 4 21 31  8  8  3
14 28 10 25  7 29
 4 20  9 12 30 11
31 28 20  9 27 10
 4 28 29 20 23  3
28 27  4  3 12 24
20 30  4  2  4 27
 6 12 13 26  0 25
11 17  9 23 14 30
13 26 14  8 28 10
14  1 21 16 22  9
 4  3 20 15 16 18
14  6 10 10 29  8
 0 16 21 10  3  9
25 20 21  7 16 13
12 24 18  6 10 20
24 20  2 23 13 29
31 29 13 21  9  6
16 14 30 22 14  7
14 31 30 18 27 28
25 23  6 25 21 31
20 11 13  0 23  2
 9 13 24  9 25 16
 6  8 26 23 30  7
16 31  8  7 27  0
 1 14  4 30 20  9
20 29  7  1  3 11
31  2 10 23  7 11
 3 18 14 17  1  7
27 21 18 19 31 15
21  4 27 24 27  6
 1  5  5 20 31  2
19 22  2  3  0 21
21  5  7  9  1 26
21 24  1 27 27 15
29  7  9  2 27  1
17 27  9  2 12 24
18 31  8  5 24 12
11 14 19  9 24 15
20 21 25  2  6 24
 7 18 27  1 12  0
11 19 16 29 27 12
27  1 22  5 23  8
15  9  5 30 30 13
 1  7 23 25  4 22
29 11 23 31 16 21
28  8 20 25 18 21
29 19 18  6  1 19
 7 27 16  8 27 18
29  5 24 15 12  4
16 17  9 21  4 10
 9  5 22  6 29 16
27 20 23 10 30 20
23  1  7  9 27 20
30 18 25 13 25  2
28 27 12 21 21  5
 1 11  7 22 17  3
23 21 12  2 22  4
14 22  3  4 12 10
 8  1  0 15  5 22
24 21  9 12 11 11
14 17  0  0 12 25
 6 26  2 11 17 11
15  5 11 30  7 30
25 30  8 10  9 19
21  3 11  1  3 13
 6 26 17 15 15  4
 9  7 24  5 25 25
26 16 17 19 19  0
31  9  1  2 17 11
25 26 15 16 13 25
30  0  4 15 30  5
29 22  7  5 12 22
19  8  7 12 30 11
11  3 24 20 22  2
30 14 14  1  3 16
25  7 30 11  6 26
20 14 10 11 30  0
 0 29 17 16 17 22
13 16 29  7 16 22
27 24 21 23  7  6
27 20  6 11 23 11
27 14  7 19 19 31
30 20 22  3 13 13
30 26 29 12  4 23
10  2  1 14 12 15
18 26 17  0 13 29
30 26 20  3 21 18
22 13  5 28  9 30
29 31 31 31 19 11
28 18  3 24 23  4
16 27 24 11 16 20
 3 28 30  8 30 13
 1 25 23 17 22  3
20 11 24 25 22  9
15  0 12 29 25 23
14 22 21 15 14  8
20 18  1  7  3 25
10 23  5 14  9  1
 4 12 29 25  6 23
 4 14 15 17 23  2
24 29  9 20 15 15
27 22 13 19 31  2
29  2 19  9 21 10
19 21  0 27 10 13
 7  5  2 18 20  2
25 31 23 15 12 14
25  1 23 10 30 15
18 14 30 25 29 26
18 15 12  9  5 17
24 18  6 23  8  3
 2 12 31  6 15 16
 0 16  0  2 30 21
25  1 27  7  7 25
12 23 16 20  4 14
17 30  3 31 29 18
17 20 15 15 27 21
27 30  6 25 26 15
 5 25  5 16 25  0
30 16  8  1  0 15
 8  6 13 22 28 30
 1 23 30 26 14 15
 4  9  4  4 10 11
19 18 30 10 12 10
25 11  1 28 31 27
22 11 19 21 19 13
13 29  6  0  3  6
21 10  7 27  7  8
18  6  5  8 19 12
 7 25 10 16 10 24
25 17  0  8 17  8
30  7 19 24 10 27
19 26 22 11 28 13
31 20 13  2  4  7
28 22 18 30 13  1
 1 20 24 10 19  1
14 21 27 12  2 19
 4 22 24  9 23 17
14 17  5  0  9 17
18 26 13  9  3  8
 8 14 24 27 17  1
18 29 29 22 24 22
16 20 17 28 13 20
31 13 12 21 10 17
15 11  3 30 28 13
21 30 29  3 19 23
22  0  5  1  3 27
18 13  4 28 15  1
29 11 11  2 30  5
25 17  6 31 10 24
10 31  4  6 14 22
28 27 25 22  3 16
24  6 10  0 24  8
 1 24 16 24 16 26
23  6 27 25 21 13
17  2 28 28 14  2
 9 13 18 14 20 26
15 18 18 13  8  0
22 11 12 17 31 31
24  0  3  5 16 29
23 19 28 30  2 20
 7  2 31  0  5  5
22  1 23  4  8 10
11 26 29 15 12 21
27 18 14 11 28 14
22 23  6  6 21 12
 6  0 19  1 16 30
19 23  2 25 11  4
31 25 21  3  0  4
20 16  2 16  7  7
25 30 19 22 28 26
18 24 29  2  9 13
 6  9 14  2 17 21
 4  8 13 28 26 18
26 11 13 30  3  9
23  3 21 15 27  1
25  4  7 13 28  6
22 28  8 28 22  2
23 23 12 18  6  5
30 10 26 28  2 21
 2  3  6  7  0 24
17 27 12 28  4  2
24 12  7 29 21  7
25  2 20  5 24 18
22 29  8 27 25 25
 7 15  8 22  3 24
21  5 25 25  1 26
17 14  8 24  4  5
18 16  2 19 31 31
13  2  9 24 31  1
17  1 15 29 25 19
25 23 26  3 19  6
13  7 16 23 30 17
 9 12 22 28  8  3
 9 23 15 31 20 30
 3 13  2 18 29 30
31 10 20 25  2  4
 4 15  6 29 27 18
 7 13 29 14 27 26
 3 29  2  1 31  0
19 26 26 13 11 17
19  0 28 16 29  4
22 21  2 27 28 29
27  9  1 30 21 23
 5 29 31 14 18  9
20 24  7 25 25 11
15  5 30  4 18 26
10 31 14  7 18  8
30  4 19  2 23 17
22 14  1  9 25 10
15  5 22 29  1  7
19 24 31 19  2 21
30  7 21 28 17  7
 6  6 24  2 27 25
 7  5  2 12  7 22
21  8 27  3 30 28
13 24 30 23  3 15
11 26 14  7  8 10
21 26 22  1  7 12
 0 26  5 16 31  2
24  3 15 18 31 16
27 19  4 19 25 22
 6 12  1 16  2 25
 7 30 20 19  2 29
26 20  6 21 15 28
14  2  5 13 16 10
16  4 20 16 25 17
12 19 17 19  7  5
 0 17  1 27 28 24
 3 25 27 20  3 12
23 10 29 26 22 20
16 24 12  0  6  8
 4 21  5 27 20  0
18 20 30 13 31 20
 1 18 12 22 21 12
21  3 15 11 14  7
16  8 27  1 29 19
19 16 26 20  8 31
12 30  8 29 10 12
23  5 30 19  0 13
 8 26  0 23 25 17
20  0 20 14 14 17
 1 18 17 16 26 28
17 30  0 25  0 22
 0 12 22 30 22 19
15  5 19 31 30 15
22 16  6 11 19 28
27 30 14 30  7  3
 3  9  3 27 17 10
22 22  7 31 31 28
 3  2 24 28 25 20
26  6 31 27 12 29
10  5 15 11  1 29
11  8 28  4 15 10
21 28  7 29 24  8
16  7  8 19 14 31
 4 11 21 12 27  7
15  8  8 21 30 14
21 23  2 14  1 30
 7  7 22 15  0 31
31 29  9 28 20  2
21  9  5  0 19 16
15 22 24 24 23  1
 7 17 24  9 13  6
15  8 21  8  6 21
25 15  3 19  4 16
21 16 16 19 18  0
 9 26 13  7 30 10
10  6  8 22  5 22
 6  4 31 12 26 20
12  8 31  8  9 11
 6 31  0 22 11 13
24  9 14  7 26 17
11  2  0  7  3 29
22  9 21  0  2 19
11 26 10 12 19 19
28  7 28 31 13 12
27  6 29 28 26 27
21 15 27 31 27 20
11 28 11  0 29 27
30 14 13  5  6  9
 2  7 18 23 15 30
 7  6 31 11 18 22
 2  6 28 30  2 31
13  2 29 25 31  3
17  2 19 25 22  9
 8 27 17  9 21 12
 6 26  1  3 19 26
14  0 19 22  2 11
22 18 11  1 11 25
27 11 28 28  9 20
24 22 18 23  6  8
12 20 17  6  1  6
30 22 15 25 14 22
29 17 29 23 19 26
 4  5 12 27  1 19
28 24  2 18  3 27
22  3 31  8 27 14
27 23 15 21 15  7
 2  9 18 13 10  8
30 27 12 13  3 29
27 28  4 23  9  6
 3 29  6 11  9 10
18  0 14  2 24 29
16 28  0  2 12  8
22  8  6  4 29 21
23 30 25 24  8  6
29 30 19 26 25 12
31 31 31  0  0 31
