@1000
1 0 0 0
@1004
1 0 0 0
@1008
0 0 0 0
@100c
3 0 0 0
@1010
0 0 0 0
@1014
2 0 0 0
@1018
1 0 0 0
@101c
2 0 0 0
@1020
2 0 0 0
@1024
1 0 0 0
@1028
1 0 0 0
@102c
0 0 0 0
@1030
3 0 0 0
@1034
2 0 0 0
@1038
0 0 0 0
@103c
2 0 0 0
@1040
2 0 0 0
@1044
2 0 0 0
@1048
0 0 0 0
@104c
1 0 0 0
@1050
3 0 0 0
@1054
2 0 0 0
@1058
3 0 0 0
@105c
2 0 0 0
@1060
2 0 0 0
@1064
3 0 0 0
@1068
0 0 0 0
@106c
3 0 0 0
@1070
1 0 0 0
@1074
3 0 0 0
@1078
3 0 0 0
@107c
0 0 0 0
@1080
2 0 0 0
@1084
3 0 0 0
@1088
3 0 0 0
@108c
0 0 0 0
@1090
3 0 0 0
@1094
0 0 0 0
@1098
2 0 0 0
@109c
3 0 0 0
@10a0
0 0 0 0
@10a4
2 0 0 0
@10a8
2 0 0 0
@10ac
0 0 0 0
@10b0
0 0 0 0
@10b4
3 0 0 0
@10b8
1 0 0 0
@10bc
2 0 0 0
@10c0
0 0 0 0
@10c4
1 0 0 0
@10c8
2 0 0 0
@10cc
2 0 0 0
@10d0
3 0 0 0
@10d4
2 0 0 0
@10d8
2 0 0 0
@10dc
1 0 0 0
@10e0
1 0 0 0
@10e4
3 0 0 0
@10e8
2 0 0 0
@10ec
3 0 0 0
@10f0
1 0 0 0
@10f4
3 0 0 0
@10f8
1 0 0 0
@10fc
0 0 0 0
@1100
3 0 0 0
@1104
1 0 0 0
@1108
2 0 0 0
@110c
2 0 0 0
@1110
0 0 0 0
@1114
1 0 0 0
@1118
2 0 0 0
@111c
2 0 0 0
@1120
2 0 0 0
@1124
0 0 0 0
@1128
1 0 0 0
@112c
2 0 0 0
@1130
2 0 0 0
@1134
0 0 0 0
@1138
0 0 0 0
@113c
0 0 0 0
@1140
3 0 0 0
@1144
2 0 0 0
@1148
3 0 0 0
@114c
2 0 0 0
@1150
3 0 0 0
@1154
0 0 0 0
@1158
3 0 0 0
@115c
1 0 0 0
@1160
3 0 0 0
@1164
0 0 0 0
@1168
3 0 0 0
@116c
3 0 0 0
@1170
2 0 0 0
@1174
0 0 0 0
@1178
1 0 0 0
@117c
2 0 0 0
@1180
0 0 0 0
@1184
0 0 0 0
@1188
0 0 0 0
@118c
1 0 0 0
@1190
2 0 0 0
@1194
1 0 0 0
@1198
2 0 0 0
@119c
2 0 0 0
@11a0
3 0 0 0
@11a4
3 0 0 0
@11a8
1 0 0 0
@11ac
2 0 0 0
@11b0
1 0 0 0
@11b4
1 0 0 0
@11b8
2 0 0 0
@11bc
2 0 0 0
@11c0
0 0 0 0
@11c4
2 0 0 0
@11c8
1 0 0 0
@11cc
3 0 0 0
@11d0
3 0 0 0
@11d4
2 0 0 0
@11d8
3 0 0 0
@11dc
3 0 0 0
@11e0
1 0 0 0
@11e4
1 0 0 0
@11e8
1 0 0 0
@11ec
3 0 0 0
@11f0
1 0 0 0
@11f4
3 0 0 0
@11f8
0 0 0 0
@11fc
0 0 0 0
@1200
3 0 0 0
@1204
2 0 0 0
@1208
0 0 0 0
@120c
1 0 0 0
@1210
1 0 0 0
@1214
2 0 0 0
@1218
3 0 0 0
@121c
2 0 0 0
@1220
1 0 0 0
@1224
1 0 0 0
@1228
0 0 0 0
@122c
1 0 0 0
@1230
2 0 0 0
@1234
2 0 0 0
@1238
1 0 0 0
@123c
2 0 0 0
@1240
3 0 0 0
@1244
0 0 0 0
@1248
2 0 0 0
@124c
1 0 0 0
@1250
3 0 0 0
@1254
2 0 0 0
@1258
2 0 0 0
@125c
0 0 0 0
@1260
0 0 0 0
@1264
0 0 0 0
@1268
0 0 0 0
@126c
0 0 0 0
@1270
0 0 0 0
@1274
3 0 0 0
@1278
1 0 0 0
@127c
1 0 0 0
@1280
3 0 0 0
@1284
3 0 0 0
@1288
2 0 0 0
@128c
3 0 0 0
@1290
0 0 0 0
@1294
3 0 0 0
@1298
3 0 0 0
@129c
3 0 0 0
@12a0
1 0 0 0
@12a4
3 0 0 0
@12a8
0 0 0 0
@12ac
2 0 0 0
@12b0
0 0 0 0
@12b4
1 0 0 0
@12b8
1 0 0 0
@12bc
1 0 0 0
@12c0
1 0 0 0
@12c4
2 0 0 0
@12c8
0 0 0 0
@12cc
1 0 0 0
@12d0
0 0 0 0
@12d4
2 0 0 0
@12d8
0 0 0 0
@12dc
3 0 0 0
@12e0
0 0 0 0
@12e4
2 0 0 0
@12e8
2 0 0 0
@12ec
0 0 0 0
@12f0
1 0 0 0
@12f4
2 0 0 0
@12f8
3 0 0 0
@12fc
0 0 0 0
@1300
3 0 0 0
@1304
0 0 0 0
@1308
2 0 0 0
@130c
2 0 0 0
@1310
1 0 0 0
@1314
1 0 0 0
@1318
0 0 0 0
@131c
2 0 0 0
@1320
0 0 0 0
@1324
2 0 0 0
@1328
2 0 0 0
@132c
0 0 0 0
@1330
2 0 0 0
@1334
0 0 0 0
@1338
1 0 0 0
@133c
3 0 0 0
@1340
1 0 0 0
@1344
3 0 0 0
@1348
2 0 0 0
@134c
1 0 0 0
@1350
1 0 0 0
@1354
1 0 0 0
@1358
1 0 0 0
@135c
2 0 0 0
@1360
1 0 0 0
@1364
0 0 0 0
@1368
1 0 0 0
@136c
3 0 0 0
@1370
0 0 0 0
@1374
2 0 0 0
@1378
2 0 0 0
@137c
2 0 0 0
@1380
1 0 0 0
@1384
1 0 0 0
@1388
3 0 0 0
@138c
3 0 0 0
@1390
2 0 0 0
@1394
1 0 0 0
@1398
0 0 0 0
@139c
3 0 0 0
@13a0
2 0 0 0
@13a4
0 0 0 0
@13a8
3 0 0 0
@13ac
2 0 0 0
@13b0
2 0 0 0
@13b4
0 0 0 0
@13b8
0 0 0 0
@13bc
0 0 0 0
@13c0
2 0 0 0
@13c4
1 0 0 0
@13c8
1 0 0 0
@13cc
1 0 0 0
@13d0
2 0 0 0
@13d4
1 0 0 0
@13d8
0 0 0 0
@13dc
3 0 0 0
@13e0
2 0 0 0
@13e4
1 0 0 0
@13e8
2 0 0 0
@13ec
3 0 0 0
@13f0
1 0 0 0
@13f4
2 0 0 0
@13f8
0 0 0 0
@13fc
1 0 0 0
@1400
3 0 0 0
@1404
2 0 0 0
@1408
1 0 0 0
@140c
3 0 0 0
@1410
1 0 0 0
@1414
0 0 0 0
@1418
0 0 0 0
@141c
2 0 0 0
@1420
0 0 0 0
@1424
0 0 0 0
@1428
0 0 0 0
@142c
2 0 0 0
@1430
0 0 0 0
@1434
0 0 0 0
@1438
3 0 0 0
@143c
2 0 0 0
@1440
2 0 0 0
@1444
0 0 0 0
@1448
1 0 0 0
@144c
2 0 0 0
@1450
2 0 0 0
@1454
0 0 0 0
@1458
2 0 0 0
@145c
1 0 0 0
@1460
2 0 0 0
@1464
1 0 0 0
@1468
2 0 0 0
@146c
1 0 0 0
@1470
1 0 0 0
@1474
0 0 0 0
@1478
3 0 0 0
@147c
0 0 0 0
@1480
3 0 0 0
@1484
3 0 0 0
@1488
0 0 0 0
@148c
0 0 0 0
@1490
3 0 0 0
@1494
0 0 0 0
@1498
3 0 0 0
@149c
3 0 0 0
@14a0
1 0 0 0
@14a4
2 0 0 0
@14a8
3 0 0 0
@14ac
2 0 0 0
@14b0
1 0 0 0
@14b4
2 0 0 0
@14b8
2 0 0 0
@14bc
0 0 0 0
@14c0
2 0 0 0
@14c4
0 0 0 0
@14c8
1 0 0 0
@14cc
3 0 0 0
@14d0
2 0 0 0
@14d4
3 0 0 0
@14d8
3 0 0 0
@14dc
0 0 0 0
@14e0
2 0 0 0
@14e4
3 0 0 0
@14e8
3 0 0 0
@14ec
2 0 0 0
@14f0
3 0 0 0
@14f4
1 0 0 0
@14f8
3 0 0 0
@14fc
1 0 0 0
@1500
3 0 0 0
@1504
3 0 0 0
@1508
2 0 0 0
@150c
2 0 0 0
@1510
0 0 0 0
@1514
3 0 0 0
@1518
0 0 0 0
@151c
0 0 0 0
@1520
1 0 0 0
@1524
0 0 0 0
@1528
1 0 0 0
@152c
0 0 0 0
@1530
0 0 0 0
@1534
3 0 0 0
@1538
2 0 0 0
@153c
1 0 0 0
@1540
1 0 0 0
@1544
3 0 0 0
@1548
3 0 0 0
@154c
2 0 0 0
@1550
1 0 0 0
@1554
2 0 0 0
@1558
1 0 0 0
@155c
3 0 0 0
@1560
1 0 0 0
@1564
2 0 0 0
@1568
2 0 0 0
@156c
2 0 0 0
@1570
0 0 0 0
@1574
1 0 0 0
@1578
3 0 0 0
@157c
0 0 0 0
@1580
3 0 0 0
@1584
1 0 0 0
@1588
0 0 0 0
@158c
1 0 0 0
@1590
2 0 0 0
@1594
1 0 0 0
@1598
1 0 0 0
@159c
0 0 0 0
@15a0
2 0 0 0
@15a4
1 0 0 0
@15a8
2 0 0 0
@15ac
2 0 0 0
@15b0
2 0 0 0
@15b4
0 0 0 0
@15b8
2 0 0 0
@15bc
2 0 0 0
@15c0
1 0 0 0
@15c4
1 0 0 0
@15c8
2 0 0 0
@15cc
0 0 0 0
@15d0
0 0 0 0
@15d4
1 0 0 0
@15d8
3 0 0 0
@15dc
1 0 0 0
@15e0
0 0 0 0
@15e4
3 0 0 0
@15e8
3 0 0 0
@15ec
3 0 0 0
@15f0
0 0 0 0
@15f4
0 0 0 0
@15f8
0 0 0 0
@15fc
3 0 0 0
@1600
3 0 0 0
@1604
2 0 0 0
@1608
3 0 0 0
@160c
3 0 0 0
@1610
3 0 0 0
@1614
2 0 0 0
@1618
0 0 0 0
@161c
1 0 0 0
@1620
2 0 0 0
@1624
3 0 0 0
@1628
2 0 0 0
@162c
3 0 0 0
@1630
0 0 0 0
@1634
0 0 0 0
@1638
2 0 0 0
@163c
0 0 0 0
@1640
0 0 0 0
@1644
3 0 0 0
@1648
1 0 0 0
@164c
0 0 0 0
@1650
1 0 0 0
@1654
0 0 0 0
@1658
2 0 0 0
@165c
1 0 0 0
@1660
2 0 0 0
@1664
2 0 0 0
@1668
1 0 0 0
@166c
1 0 0 0
@1670
3 0 0 0
@1674
0 0 0 0
@1678
2 0 0 0
@167c
3 0 0 0
@1680
2 0 0 0
@1684
2 0 0 0
@1688
3 0 0 0
@168c
1 0 0 0
@1690
1 0 0 0
@1694
2 0 0 0
@1698
2 0 0 0
@169c
2 0 0 0
@16a0
1 0 0 0
@16a4
1 0 0 0
@16a8
0 0 0 0
@16ac
1 0 0 0
@16b0
0 0 0 0
@16b4
1 0 0 0
@16b8
3 0 0 0
@16bc
2 0 0 0
@16c0
2 0 0 0
@16c4
2 0 0 0
@16c8
3 0 0 0
@16cc
0 0 0 0
@16d0
3 0 0 0
@16d4
3 0 0 0
@16d8
3 0 0 0
@16dc
1 0 0 0
@16e0
0 0 0 0
@16e4
0 0 0 0
@16e8
0 0 0 0
@16ec
0 0 0 0
@16f0
0 0 0 0
@16f4
1 0 0 0
@16f8
1 0 0 0
@16fc
0 0 0 0
@1700
3 0 0 0
@1704
1 0 0 0
@1708
3 0 0 0
@170c
3 0 0 0
@1710
1 0 0 0
@1714
0 0 0 0
@1718
3 0 0 0
@171c
1 0 0 0
@1720
3 0 0 0
@1724
0 0 0 0
@1728
3 0 0 0
@172c
0 0 0 0
@1730
3 0 0 0
@1734
1 0 0 0
@1738
2 0 0 0
@173c
3 0 0 0
@1740
1 0 0 0
@1744
3 0 0 0
@1748
1 0 0 0
@174c
1 0 0 0
@1750
2 0 0 0
@1754
1 0 0 0
@1758
2 0 0 0
@175c
3 0 0 0
@1760
2 0 0 0
@1764
2 0 0 0
@1768
1 0 0 0
@176c
1 0 0 0
@1770
2 0 0 0
@1774
0 0 0 0
@1778
1 0 0 0
@177c
1 0 0 0
@1780
2 0 0 0
@1784
2 0 0 0
@1788
2 0 0 0
@178c
2 0 0 0
@1790
3 0 0 0
@1794
2 0 0 0
@1798
3 0 0 0
@179c
2 0 0 0
@17a0
1 0 0 0
@17a4
1 0 0 0
@17a8
3 0 0 0
@17ac
0 0 0 0
@17b0
3 0 0 0
@17b4
3 0 0 0
@17b8
2 0 0 0
@17bc
0 0 0 0
@17c0
1 0 0 0
@17c4
3 0 0 0
@17c8
3 0 0 0
@17cc
0 0 0 0
@17d0
0 0 0 0
@17d4
0 0 0 0
@17d8
1 0 0 0
@17dc
1 0 0 0
@17e0
0 0 0 0
@17e4
0 0 0 0
@17e8
3 0 0 0
@17ec
2 0 0 0
@17f0
0 0 0 0
@17f4
2 0 0 0
@17f8
3 0 0 0
@17fc
0 0 0 0
@1800
2 0 0 0
@1804
1 0 0 0
@1808
3 0 0 0
@180c
2 0 0 0
@1810
0 0 0 0
@1814
1 0 0 0
@1818
1 0 0 0
@181c
3 0 0 0
@1820
2 0 0 0
@1824
2 0 0 0
@1828
1 0 0 0
@182c
2 0 0 0
@1830
3 0 0 0
@1834
1 0 0 0
@1838
2 0 0 0
@183c
2 0 0 0
@1840
3 0 0 0
@1844
3 0 0 0
@1848
2 0 0 0
@184c
0 0 0 0
@1850
0 0 0 0
@1854
2 0 0 0
@1858
3 0 0 0
@185c
3 0 0 0
@1860
0 0 0 0
@1864
0 0 0 0
@1868
0 0 0 0
@186c
1 0 0 0
@1870
1 0 0 0
@1874
2 0 0 0
@1878
1 0 0 0
@187c
1 0 0 0
@1880
0 0 0 0
@1884
3 0 0 0
@1888
0 0 0 0
@188c
0 0 0 0
@1890
3 0 0 0
@1894
3 0 0 0
@1898
2 0 0 0
@189c
2 0 0 0
@18a0
0 0 0 0
@18a4
1 0 0 0
@18a8
1 0 0 0
@18ac
3 0 0 0
@18b0
1 0 0 0
@18b4
0 0 0 0
@18b8
1 0 0 0
@18bc
2 0 0 0
@18c0
3 0 0 0
@18c4
2 0 0 0
@18c8
2 0 0 0
@18cc
2 0 0 0
@18d0
3 0 0 0
@18d4
2 0 0 0
@18d8
1 0 0 0
@18dc
1 0 0 0
@18e0
2 0 0 0
@18e4
3 0 0 0
@18e8
0 0 0 0
@18ec
1 0 0 0
@18f0
3 0 0 0
@18f4
3 0 0 0
@18f8
0 0 0 0
@18fc
0 0 0 0
@1900
2 0 0 0
@1904
0 0 0 0
@1908
3 0 0 0
@190c
1 0 0 0
@1910
0 0 0 0
@1914
3 0 0 0
@1918
1 0 0 0
@191c
0 0 0 0
@1920
1 0 0 0
@1924
1 0 0 0
@1928
1 0 0 0
@192c
2 0 0 0
@1930
1 0 0 0
@1934
0 0 0 0
@1938
3 0 0 0
@193c
0 0 0 0
@1940
2 0 0 0
@1944
2 0 0 0
@1948
0 0 0 0
@194c
2 0 0 0
@1950
2 0 0 0
@1954
0 0 0 0
@1958
2 0 0 0
@195c
1 0 0 0
@1960
3 0 0 0
@1964
3 0 0 0
@1968
2 0 0 0
@196c
3 0 0 0
@1970
2 0 0 0
@1974
3 0 0 0
@1978
3 0 0 0
@197c
0 0 0 0
@1980
3 0 0 0
@1984
1 0 0 0
@1988
3 0 0 0
@198c
3 0 0 0
@1990
1 0 0 0
@1994
3 0 0 0
@1998
1 0 0 0
@199c
2 0 0 0
@19a0
0 0 0 0
@19a4
2 0 0 0
@19a8
3 0 0 0
@19ac
2 0 0 0
@19b0
3 0 0 0
@19b4
2 0 0 0
@19b8
0 0 0 0
@19bc
1 0 0 0
@19c0
3 0 0 0
@19c4
3 0 0 0
@19c8
0 0 0 0
@19cc
3 0 0 0
@19d0
2 0 0 0
@19d4
2 0 0 0
@19d8
0 0 0 0
@19dc
2 0 0 0
@19e0
2 0 0 0
@19e4
2 0 0 0
@19e8
1 0 0 0
@19ec
0 0 0 0
@19f0
2 0 0 0
@19f4
2 0 0 0
@19f8
3 0 0 0
@19fc
2 0 0 0
@1a00
0 0 0 0
@1a04
1 0 0 0
@1a08
3 0 0 0
@1a0c
2 0 0 0
@1a10
2 0 0 0
@1a14
2 0 0 0
@1a18
1 0 0 0
@1a1c
0 0 0 0
@1a20
3 0 0 0
@1a24
2 0 0 0
@1a28
3 0 0 0
@1a2c
0 0 0 0
@1a30
1 0 0 0
@1a34
2 0 0 0
@1a38
3 0 0 0
@1a3c
0 0 0 0
@1a40
0 0 0 0
@1a44
0 0 0 0
@1a48
1 0 0 0
@1a4c
2 0 0 0
@1a50
2 0 0 0
@1a54
2 0 0 0
@1a58
1 0 0 0
@1a5c
0 0 0 0
@1a60
0 0 0 0
@1a64
3 0 0 0
@1a68
1 0 0 0
@1a6c
1 0 0 0
@1a70
2 0 0 0
@1a74
0 0 0 0
@1a78
1 0 0 0
@1a7c
2 0 0 0
@1a80
1 0 0 0
@1a84
3 0 0 0
@1a88
2 0 0 0
@1a8c
1 0 0 0
@1a90
0 0 0 0
@1a94
2 0 0 0
@1a98
1 0 0 0
@1a9c
3 0 0 0
@1aa0
2 0 0 0
@1aa4
0 0 0 0
@1aa8
1 0 0 0
@1aac
3 0 0 0
@1ab0
1 0 0 0
@1ab4
3 0 0 0
@1ab8
3 0 0 0
@1abc
3 0 0 0
@1ac0
1 0 0 0
@1ac4
0 0 0 0
@1ac8
2 0 0 0
@1acc
2 0 0 0
@1ad0
2 0 0 0
@1ad4
3 0 0 0
@1ad8
1 0 0 0
@1adc
1 0 0 0
@1ae0
0 0 0 0
@1ae4
0 0 0 0
@1ae8
0 0 0 0
@1aec
0 0 0 0
@1af0
0 0 0 0
@1af4
2 0 0 0
@1af8
2 0 0 0
@1afc
2 0 0 0
@1b00
2 0 0 0
@1b04
0 0 0 0
@1b08
0 0 0 0
@1b0c
3 0 0 0
@1b10
0 0 0 0
@1b14
2 0 0 0
@1b18
3 0 0 0
@1b1c
1 0 0 0
@1b20
0 0 0 0
@1b24
3 0 0 0
@1b28
3 0 0 0
@1b2c
3 0 0 0
@1b30
2 0 0 0
@1b34
0 0 0 0
@1b38
3 0 0 0
@1b3c
3 0 0 0
@1b40
2 0 0 0
@1b44
1 0 0 0
@1b48
1 0 0 0
@1b4c
1 0 0 0
@1b50
0 0 0 0
@1b54
1 0 0 0
@1b58
0 0 0 0
@1b5c
1 0 0 0
@1b60
0 0 0 0
@1b64
1 0 0 0
@1b68
1 0 0 0
@1b6c
3 0 0 0
@1b70
1 0 0 0
@1b74
2 0 0 0
@1b78
3 0 0 0
@1b7c
2 0 0 0
@1b80
3 0 0 0
@1b84
1 0 0 0
@1b88
3 0 0 0
@1b8c
2 0 0 0
@1b90
0 0 0 0
@1b94
3 0 0 0
@1b98
0 0 0 0
@1b9c
0 0 0 0
@1ba0
0 0 0 0
@1ba4
0 0 0 0
@1ba8
3 0 0 0
@1bac
1 0 0 0
@1bb0
0 0 0 0
@1bb4
2 0 0 0
@1bb8
2 0 0 0
@1bbc
1 0 0 0
@1bc0
2 0 0 0
@1bc4
2 0 0 0
@1bc8
1 0 0 0
@1bcc
3 0 0 0
@1bd0
3 0 0 0
@1bd4
3 0 0 0
@1bd8
0 0 0 0
@1bdc
1 0 0 0
@1be0
0 0 0 0
@1be4
3 0 0 0
@1be8
2 0 0 0
@1bec
2 0 0 0
@1bf0
3 0 0 0
@1bf4
0 0 0 0
@1bf8
0 0 0 0
@1bfc
3 0 0 0
@1c00
2 0 0 0
@1c04
0 0 0 0
@1c08
1 0 0 0
@1c0c
3 0 0 0
@1c10
1 0 0 0
@1c14
3 0 0 0
@1c18
1 0 0 0
@1c1c
3 0 0 0
@1c20
2 0 0 0
@1c24
0 0 0 0
@1c28
2 0 0 0
@1c2c
1 0 0 0
@1c30
0 0 0 0
@1c34
3 0 0 0
@1c38
1 0 0 0
@1c3c
3 0 0 0
@1c40
2 0 0 0
@1c44
0 0 0 0
@1c48
2 0 0 0
@1c4c
3 0 0 0
@1c50
2 0 0 0
@1c54
0 0 0 0
@1c58
0 0 0 0
@1c5c
0 0 0 0
@1c60
1 0 0 0
@1c64
1 0 0 0
@1c68
3 0 0 0
@1c6c
3 0 0 0
@1c70
3 0 0 0
@1c74
1 0 0 0
@1c78
1 0 0 0
@1c7c
1 0 0 0
@1c80
2 0 0 0
@1c84
0 0 0 0
@1c88
1 0 0 0
@1c8c
3 0 0 0
@1c90
0 0 0 0
@1c94
1 0 0 0
@1c98
1 0 0 0
@1c9c
2 0 0 0
@1ca0
0 0 0 0
@1ca4
3 0 0 0
@1ca8
1 0 0 0
@1cac
2 0 0 0
@1cb0
2 0 0 0
@1cb4
2 0 0 0
@1cb8
0 0 0 0
@1cbc
0 0 0 0
@1cc0
0 0 0 0
@1cc4
0 0 0 0
@1cc8
3 0 0 0
@1ccc
2 0 0 0
@1cd0
3 0 0 0
@1cd4
3 0 0 0
@1cd8
3 0 0 0
@1cdc
1 0 0 0
@1ce0
3 0 0 0
@1ce4
1 0 0 0
@1ce8
3 0 0 0
@1cec
2 0 0 0
@1cf0
2 0 0 0
@1cf4
0 0 0 0
@1cf8
3 0 0 0
@1cfc
3 0 0 0
@1d00
2 0 0 0
@1d04
3 0 0 0
@1d08
1 0 0 0
@1d0c
0 0 0 0
@1d10
3 0 0 0
@1d14
3 0 0 0
@1d18
1 0 0 0
@1d1c
2 0 0 0
@1d20
2 0 0 0
@1d24
2 0 0 0
@1d28
2 0 0 0
@1d2c
1 0 0 0
@1d30
0 0 0 0
@1d34
2 0 0 0
@1d38
3 0 0 0
@1d3c
1 0 0 0
@1d40
0 0 0 0
@1d44
3 0 0 0
@1d48
1 0 0 0
@1d4c
3 0 0 0
@1d50
1 0 0 0
@1d54
2 0 0 0
@1d58
2 0 0 0
@1d5c
0 0 0 0
@1d60
0 0 0 0
@1d64
0 0 0 0
@1d68
1 0 0 0
@1d6c
1 0 0 0
@1d70
0 0 0 0
@1d74
0 0 0 0
@1d78
0 0 0 0
@1d7c
0 0 0 0
@1d80
0 0 0 0
@1d84
2 0 0 0
@1d88
3 0 0 0
@1d8c
2 0 0 0
@1d90
1 0 0 0
@1d94
3 0 0 0
@1d98
1 0 0 0
@1d9c
3 0 0 0
@1da0
3 0 0 0
@1da4
2 0 0 0
@1da8
0 0 0 0
@1dac
0 0 0 0
@1db0
0 0 0 0
@1db4
2 0 0 0
@1db8
2 0 0 0
@1dbc
2 0 0 0
@1dc0
2 0 0 0
@1dc4
1 0 0 0
@1dc8
3 0 0 0
@1dcc
3 0 0 0
@1dd0
2 0 0 0
@1dd4
0 0 0 0
@1dd8
2 0 0 0
@1ddc
0 0 0 0
@1de0
0 0 0 0
@1de4
0 0 0 0
@1de8
2 0 0 0
@1dec
3 0 0 0
@1df0
0 0 0 0
@1df4
3 0 0 0
@1df8
0 0 0 0
@1dfc
1 0 0 0
@1e00
2 0 0 0
@1e04
0 0 0 0
@1e08
0 0 0 0
@1e0c
1 0 0 0
@1e10
2 0 0 0
@1e14
1 0 0 0
@1e18
3 0 0 0
@1e1c
3 0 0 0
@1e20
2 0 0 0
@1e24
3 0 0 0
@1e28
3 0 0 0
@1e2c
1 0 0 0
@1e30
2 0 0 0
@1e34
0 0 0 0
@1e38
1 0 0 0
@1e3c
0 0 0 0
@1e40
1 0 0 0
@1e44
0 0 0 0
@1e48
3 0 0 0
@1e4c
3 0 0 0
@1e50
3 0 0 0
@1e54
0 0 0 0
@1e58
0 0 0 0
@1e5c
2 0 0 0
@1e60
1 0 0 0
@1e64
3 0 0 0
@1e68
3 0 0 0
@1e6c
0 0 0 0
@1e70
3 0 0 0
@1e74
1 0 0 0
@1e78
0 0 0 0
@1e7c
1 0 0 0
@1e80
3 0 0 0
@1e84
0 0 0 0
@1e88
1 0 0 0
@1e8c
1 0 0 0
@1e90
0 0 0 0
@1e94
3 0 0 0
@1e98
0 0 0 0
@1e9c
2 0 0 0
@1ea0
0 0 0 0
@1ea4
0 0 0 0
@1ea8
2 0 0 0
@1eac
2 0 0 0
@1eb0
1 0 0 0
@1eb4
2 0 0 0
@1eb8
0 0 0 0
@1ebc
3 0 0 0
@1ec0
3 0 0 0
@1ec4
2 0 0 0
@1ec8
2 0 0 0
@1ecc
3 0 0 0
@1ed0
2 0 0 0
@1ed4
0 0 0 0
@1ed8
1 0 0 0
@1edc
2 0 0 0
@1ee0
1 0 0 0
@1ee4
0 0 0 0
@1ee8
2 0 0 0
@1eec
2 0 0 0
@1ef0
1 0 0 0
@1ef4
0 0 0 0
@1ef8
1 0 0 0
@1efc
0 0 0 0
@1f00
2 0 0 0
@1f04
1 0 0 0
@1f08
1 0 0 0
@1f0c
1 0 0 0
@1f10
2 0 0 0
@1f14
2 0 0 0
@1f18
2 0 0 0
@1f1c
2 0 0 0
@1f20
3 0 0 0
@1f24
3 0 0 0
@1f28
0 0 0 0
@1f2c
0 0 0 0
@1f30
1 0 0 0
@1f34
1 0 0 0
@1f38
3 0 0 0
@1f3c
0 0 0 0
@1f40
2 0 0 0
@1f44
0 0 0 0
@1f48
1 0 0 0
@1f4c
1 0 0 0
@1f50
2 0 0 0
@1f54
1 0 0 0
@1f58
1 0 0 0
@1f5c
1 0 0 0
@1f60
0 0 0 0
@1f64
2 0 0 0
@1f68
2 0 0 0
@1f6c
0 0 0 0
@1f70
3 0 0 0
@1f74
0 0 0 0
@1f78
3 0 0 0
@1f7c
2 0 0 0
@1f80
1 0 0 0
@1f84
0 0 0 0
@1f88
2 0 0 0
@1f8c
1 0 0 0
@1f90
3 0 0 0
@1f94
1 0 0 0
@1f98
0 0 0 0
@1f9c
2 0 0 0
@1fa0
1 0 0 0
@1fa4
3 0 0 0
@1fa8
0 0 0 0
@1fac
3 0 0 0
@1fb0
0 0 0 0
@1fb4
2 0 0 0
@1fb8
3 0 0 0
@1fbc
2 0 0 0
@1fc0
2 0 0 0
@1fc4
1 0 0 0
@1fc8
0 0 0 0
@1fcc
3 0 0 0
@1fd0
3 0 0 0
@1fd4
1 0 0 0
@1fd8
2 0 0 0
@1fdc
1 0 0 0
@1fe0
3 0 0 0
@1fe4
2 0 0 0
@1fe8
1 0 0 0
@1fec
0 0 0 0
@1ff0
1 0 0 0
@1ff4
3 0 0 0
@1ff8
1 0 0 0
@1ffc
1 0 0 0
