1000
001    106 93 72 60 382 224 
001    72 487 109 142 71 401 
000    486 99 19 371 280 488 
101    152 346 416 375 52 248 
010    27 177 40 246 88 393 
001    507 438 75 102 19 26 
101    275 316 477 38 476 260 
111    462 375 360 147 107 222 
001    43 503 272 9 6 425 
101    294 36 475 375 443 293 
000    479 424 409 301 175 1 
101    319 384 502 459 357 282 
100    389 307 466 78 255 184 
100    19 208 383 33 419 505 
100    435 473 359 102 330 355 
001    307 8 79 90 92 474 
001    434 22 74 466 215 379 
101    201 373 232 379 80 497 
001    214 420 182 498 390 119 
011    499 460 277 69 366 474 
000    419 427 125 279 225 238 
101    160 478 67 13 24 233 
111    398 459 392 191 316 310 
000    292 18 354 349 186 196 
010    271 415 75 479 389 128 
010    38 115 334 301 229 56 
001    467 25 365 388 68 289 
000    154 217 261 270 123 172 
000    248 59 67 356 495 227 
101    70 102 351 340 100 264 
011    246 301 460 179 258 474 
111    249 276 234 61 149 264 
110    348 506 490 148 144 7 
110    298 60 386 277 18 475 
111    384 410 343 491 95 506 
100    405 313 201 149 322 244 
111    349 283 229 329 113 115 
111    311 162 26 394 38 41 
000    457 446 60 357 130 249 
001    99 502 294 124 414 502 
010    224 395 486 115 315 181 
010    164 377 233 287 62 249 
000    108 50 363 402 130 243 
110    100 132 439 367 426 284 
011    261 36 175 92 56 365 
000    214 69 347 145 129 180 
111    339 157 189 379 368 124 
010    472 501 456 315 253 38 
101    59 120 380 38 397 495 
011    490 85 437 399 174 201 
111    127 391 288 322 26 130 
000    37 1 335 442 19 467 
010    66 253 112 12 497 53 
000    422 404 440 318 200 426 
101    455 395 459 405 228 310 
100    451 275 478 144 232 128 
001    23 164 47 231 297 287 
010    457 264 274 31 337 115 
011    312 183 210 235 191 271 
011    265 315 130 14 192 141 
000    340 172 154 394 293 88 
000    149 391 244 352 400 425 
101    190 328 467 134 421 293 
000    475 303 72 17 275 221 
101    462 261 342 121 29 288 
000    155 51 50 392 435 449 
011    60 259 177 239 458 174 
010    86 94 316 94 343 413 
101    454 459 228 116 210 62 
110    326 50 121 204 258 82 
001    103 273 445 499 400 352 
110    76 366 292 491 172 179 
000    196 34 135 278 174 411 
101    288 402 249 313 189 235 
000    412 392 441 365 191 17 
100    434 227 217 261 378 458 
100    298 252 424 100 423 280 
000    123 192 355 483 321 457 
010    418 436 91 348 143 124 
101    252 336 453 56 490 96 
100    371 333 305 57 373 343 
110    471 46 146 465 49 46 
001    488 174 507 248 315 329 
001    253 246 20 360 183 220 
001    469 315 247 457 301 89 
000    488 130 254 4 73 388 
110    24 179 283 60 43 327 
010    151 325 387 396 343 503 
010    219 18 308 57 265 51 
001    464 123 438 484 442 93 
111    504 489 410 489 380 446 
001    258 175 417 360 307 322 
110    64 502 8 332 102 323 
010    196 143 492 433 32 496 
101    298 442 50 105 11 335 
001    369 405 423 238 347 187 
110    13 153 207 147 115 338 
000    416 241 355 112 293 494 
010    212 349 251 87 337 347 
011    38 478 112 143 357 401 
111    420 126 275 395 334 473 
000    223 94 52 82 299 125 
110    157 334 460 386 61 318 
011    370 474 117 418 296 247 
001    113 138 142 468 306 356 
011    486 201 387 328 309 373 
110    418 157 91 273 242 473 
001    80 222 54 28 216 475 
001    395 97 58 260 195 304 
010    474 437 13 159 242 234 
010    415 255 267 502 482 245 
100    354 187 77 477 428 139 
100    96 433 103 264 102 494 
100    271 170 473 216 363 106 
001    52 171 426 99 94 362 
001    245 4 210 365 80 165 
011    399 17 103 410 98 202 
101    64 261 189 146 220 443 
001    414 376 116 43 21 475 
001    175 403 174 403 276 70 
011    256 444 264 316 298 444 
011    466 54 295 485 473 388 
011    287 403 450 133 106 395 
001    329 347 439 45 458 211 
000    154 247 498 45 137 387 
111    122 352 370 261 96 313 
001    351 179 422 50 249 282 
000    349 241 66 44 76 289 
001    198 293 359 177 162 207 
101    342 428 333 497 108 15 
001    261 405 19 240 103 296 
101    213 508 397 497 78 7 
000    502 468 356 322 266 94 
010    415 393 26 338 22 65 
000    258 417 273 69 121 406 
010    322 209 354 178 461 483 
011    286 287 445 308 266 81 
101    183 472 178 340 376 46 
111    76 496 33 125 324 207 
111    284 32 424 444 226 177 
011    304 18 234 197 212 168 
001    161 442 342 229 302 132 
100    402 16 125 424 285 300 
001    310 448 243 345 427 220 
110    247 401 8 278 222 101 
000    369 201 507 1 88 375 
010    463 294 225 210 335 300 
111    155 167 7 198 25 212 
001    169 180 360 46 213 409 
000    364 5 497 301 332 206 
011    411 2 131 302 494 382 
100    220 346 133 113 277 451 
010    281 94 421 303 240 142 
100    144 396 403 134 456 147 
011    333 307 309 131 367 221 
000    49 483 302 443 402 262 
001    380 205 496 204 127 409 
000    185 181 75 184 75 507 
110    60 278 13 114 121 424 
100    355 313 216 379 36 55 
010    342 4 178 429 211 202 
010    162 179 387 324 236 354 
101    230 219 315 431 466 380 
010    9 460 369 107 401 491 
010    20 440 168 396 174 225 
110    504 406 214 337 243 92 
110    315 221 315 300 102 112 
000    272 101 169 262 196 331 
111    170 306 363 254 129 468 
111    88 20 152 252 76 345 
000    301 342 119 363 301 212 
101    324 168 246 135 438 245 
111    493 27 357 217 474 214 
010    261 314 35 213 353 323 
100    108 256 488 240 475 369 
100    225 126 238 243 293 462 
011    256 241 68 340 457 170 
100    277 359 493 407 62 17 
010    66 228 362 66 368 505 
100    152 366 227 296 302 390 
110    213 55 178 322 109 191 
010    395 99 204 87 198 47 
100    64 364 474 161 444 337 
011    382 473 438 32 386 52 
010    478 128 239 486 351 117 
001    395 25 504 116 397 507 
111    375 105 485 153 156 60 
111    264 227 507 24 5 99 
001    76 400 366 50 86 186 
010    378 20 212 114 134 406 
100    161 201 114 113 99 333 
001    39 52 248 33 137 490 
001    369 384 118 6 486 375 
111    453 15 28 44 30 280 
110    146 414 335 203 99 394 
110    43 496 469 336 459 289 
001    131 108 505 139 206 157 
101    56 412 74 420 204 143 
100    105 38 469 188 233 329 
110    292 24 241 61 446 469 
101    243 113 144 391 493 146 
010    432 457 22 458 36 148 
111    26 209 407 411 134 2 
000    496 318 490 477 116 408 
011    313 315 434 492 334 485 
001    12 294 63 69 89 343 
110    168 236 339 68 278 377 
111    375 22 323 300 421 353 
110    275 261 66 421 70 193 
010    361 139 163 22 240 193 
110    29 472 158 132 314 141 
111    474 359 97 146 223 252 
100    227 451 249 117 232 286 
101    83 116 196 476 185 489 
000    66 266 362 44 297 277 
011    181 308 263 139 308 394 
110    93 390 484 192 229 441 
101    454 231 202 262 116 170 
100    51 89 333 288 119 275 
110    129 355 85 242 66 145 
010    134 158 347 170 166 485 
010    436 81 57 336 211 269 
011    61 338 400 218 309 375 
111    346 124 370 245 400 17 
100    17 137 262 180 478 288 
000    361 93 232 62 131 24 
000    82 49 256 137 180 41 
100    27 21 110 302 301 47 
001    292 239 344 113 492 234 
100    371 370 190 202 65 494 
000    153 404 360 63 507 72 
110    375 212 411 188 206 133 
100    287 189 79 308 326 494 
100    189 131 370 57 122 506 
011    220 130 352 444 127 453 
001    342 406 163 128 409 152 
010    490 205 135 134 297 488 
110    470 111 487 10 439 113 
001    177 207 180 488 101 505 
100    22 278 11 485 445 468 
110    15 445 90 419 63 161 
001    254 431 318 429 390 506 
110    170 430 81 312 162 320 
111    305 203 162 181 452 340 
010    19 321 474 492 218 154 
001    315 48 308 255 398 479 
101    285 64 97 140 464 431 
111    69 120 471 184 196 146 
100    266 77 405 355 397 415 
010    357 240 165 502 112 447 
100    427 266 481 328 232 125 
101    79 136 479 269 438 378 
101    284 343 41 43 357 41 
101    476 252 95 315 433 215 
000    306 96 254 358 110 212 
101    494 353 145 334 468 81 
010    384 234 382 63 112 232 
111    281 211 131 288 226 42 
001    390 224 466 500 392 327 
000    274 99 319 38 316 106 
000    217 480 490 447 255 48 
001    194 465 69 410 249 394 
100    203 491 221 217 500 124 
100    224 501 277 435 73 361 
100    364 176 52 188 15 453 
110    61 265 105 138 215 197 
011    405 365 469 117 205 191 
010    59 338 506 227 458 370 
100    355 333 255 102 281 247 
110    484 303 404 146 437 314 
001    155 261 364 165 507 87 
110    50 315 109 399 81 497 
010    501 113 114 104 141 136 
100    406 380 75 430 421 307 
001    1 298 505 241 332 377 
101    291 127 317 482 503 248 
101    377 494 214 402 58 250 
001    401 61 211 76 317 120 
000    468 401 372 501 367 427 
000    231 120 150 269 407 435 
101    371 74 440 304 180 266 
101    89 239 31 496 458 229 
110    255 262 87 311 171 163 
101    204 325 338 167 41 463 
001    99 310 506 104 45 89 
011    317 382 124 480 437 25 
100    352 334 403 139 197 410 
011    260 250 207 424 359 1 
011    273 64 376 389 333 161 
111    329 81 13 91 87 117 
010    38 240 29 226 269 107 
001    295 65 448 323 369 92 
111    293 117 499 82 193 285 
111    217 274 457 153 31 208 
111    316 163 481 330 133 170 
100    159 227 51 364 69 294 
001    232 423 43 292 348 288 
110    100 279 504 311 140 63 
111    425 294 46 316 253 81 
111    139 128 443 345 9 464 
110    26 503 115 105 166 386 
111    160 423 356 235 161 241 
111    171 487 496 30 389 362 
101    34 246 274 324 72 464 
011    402 74 405 91 274 380 
110    504 115 263 44 369 164 
000    265 387 307 233 18 171 
111    375 159 457 358 29 305 
110    256 270 419 200 311 356 
100    176 427 247 335 262 279 
001    248 52 40 111 62 389 
111    202 423 410 387 212 243 
001    175 373 155 161 63 103 
010    98 104 418 188 61 479 
111    376 99 100 299 386 130 
101    198 168 134 382 226 465 
011    22 440 386 273 62 355 
100    473 340 418 390 242 265 
010    180 215 45 148 506 46 
001    90 428 316 207 377 259 
011    180 268 88 317 247 150 
110    408 317 337 137 31 87 
111    388 326 60 139 467 34 
100    96 386 308 361 198 351 
101    48 133 236 271 275 386 
011    24 94 379 134 165 103 
110    246 277 109 68 328 318 
100    258 372 213 7 246 115 
100    233 68 292 187 9 361 
111    18 463 403 482 353 68 
010    5 149 296 134 94 40 
101    274 188 321 296 270 287 
000    179 432 461 299 193 113 
000    402 196 22 487 40 244 
111    112 93 328 149 45 74 
001    230 275 39 284 496 261 
110    17 386 426 201 141 101 
000    87 161 332 29 404 167 
000    12 64 469 400 439 85 
011    421 282 2 294 420 483 
011    77 256 500 134 216 504 
011    370 174 197 356 481 318 
111    174 13 369 469 360 444 
110    132 213 127 205 330 319 
010    28 373 356 214 3 318 
110    369 186 171 44 187 278 
111    20 18 442 345 482 24 
010    72 271 321 393 371 6 
100    91 410 335 264 140 19 
100    126 344 41 102 280 196 
100    133 191 158 369 490 82 
101    433 467 12 181 372 69 
110    148 138 473 87 290 184 
101    311 129 390 209 328 228 
011    444 171 1 126 79 185 
101    337 329 434 332 416 319 
101    267 116 234 403 506 479 
110    320 344 207 223 291 490 
001    213 204 256 36 318 38 
011    49 350 385 304 468 272 
011    54 125 21 310 281 190 
101    281 186 446 177 240 351 
011    471 224 460 264 443 18 
010    196 74 452 283 449 473 
010    101 406 313 389 63 462 
101    347 419 315 209 100 42 
101    82 148 1 250 402 90 
011    336 150 68 247 71 176 
010    40 186 217 164 492 300 
100    195 497 74 74 462 190 
010    181 507 315 285 296 173 
001    190 338 343 79 391 346 
101    299 484 502 137 262 161 
001    267 288 137 72 101 348 
011    15 276 453 257 65 396 
101    251 473 156 46 99 259 
010    205 208 111 8 6 256 
000    492 225 474 60 226 415 
000    219 311 321 371 254 228 
101    219 181 376 163 139 300 
100    207 437 69 502 119 264 
111    64 95 259 196 23 68 
110    280 336 393 490 89 363 
011    431 360 40 455 295 133 
110    97 49 438 102 376 446 
111    279 33 163 491 491 455 
000    374 13 96 337 273 506 
011    306 44 297 32 283 280 
111    156 244 242 342 299 343 
101    341 157 21 494 62 134 
101    19 64 135 416 217 395 
111    302 460 365 262 338 483 
110    464 205 503 193 95 267 
110    69 219 425 377 177 404 
100    66 143 71 54 486 177 
100    293 226 320 445 491 37 
101    53 183 326 35 124 288 
010    245 184 421 90 489 452 
110    481 479 336 88 77 302 
000    48 241 123 435 174 123 
010    305 403 130 106 241 216 
101    200 249 35 345 341 136 
100    436 192 467 78 335 185 
011    22 156 200 115 71 486 
011    304 319 240 66 161 304 
101    132 448 316 129 15 306 
101    289 268 460 313 445 487 
110    173 198 478 425 396 490 
100    11 203 95 430 83 414 
001    138 490 371 207 128 158 
011    422 188 270 268 190 172 
010    273 124 47 382 286 406 
010    82 203 140 344 400 236 
100    349 484 120 299 360 107 
011    504 5 140 29 434 12 
101    143 307 252 483 493 483 
010    151 120 57 232 257 218 
011    377 297 487 12 79 226 
001    139 504 7 401 219 428 
010    457 248 375 32 136 253 
110    272 473 124 257 40 407 
010    375 203 437 453 4 437 
010    147 37 68 420 122 321 
011    145 422 387 82 49 306 
101    357 112 228 81 231 363 
100    89 112 129 392 44 17 
011    134 184 324 230 421 353 
001    109 191 404 5 179 410 
001    194 414 7 84 210 261 
101    492 457 165 151 203 188 
011    420 150 471 416 448 349 
100    437 384 124 412 43 255 
111    199 71 179 155 118 358 
111    16 304 369 72 86 362 
100    441 170 72 471 218 417 
010    396 263 42 501 437 86 
011    372 283 327 452 401 66 
010    58 403 319 215 25 221 
000    467 444 57 332 1 435 
110    338 377 433 156 70 370 
001    434 129 402 222 285 350 
010    187 87 42 285 191 203 
111    351 440 346 25 156 471 
010    354 113 186 88 333 77 
100    330 383 225 53 307 337 
001    444 435 40 415 61 449 
101    168 497 342 249 293 43 
000    235 55 41 207 283 78 
011    251 489 209 498 165 422 
011    378 476 455 368 412 120 
001    295 259 110 47 479 288 
100    20 113 295 64 446 471 
011    23 330 37 380 82 134 
101    89 438 358 214 393 34 
110    490 257 213 362 269 426 
001    189 175 393 239 7 369 
011    98 449 393 233 186 275 
111    375 380 406 425 398 81 
011    438 25 139 134 377 7 
010    87 277 372 234 372 469 
001    165 161 284 492 373 104 
010    5 129 33 347 391 163 
000    441 480 290 59 401 139 
110    269 327 434 270 54 308 
100    106 486 268 402 413 248 
001    289 93 35 469 104 277 
010    169 298 375 65 45 390 
000    168 304 442 165 249 68 
001    73 411 164 442 408 443 
001    77 429 432 404 421 337 
100    256 129 71 427 96 377 
000    28 499 129 53 452 66 
110    215 129 490 10 66 85 
110    487 269 379 131 123 413 
001    253 204 477 393 500 105 
101    343 488 332 326 260 5 
000    104 53 37 499 224 387 
110    44 344 338 344 116 464 
011    308 275 102 471 474 36 
001    391 463 238 449 265 76 
111    101 141 414 4 333 305 
011    495 339 289 413 386 450 
001    181 185 112 276 457 204 
011    147 154 180 237 352 270 
000    453 451 158 47 383 135 
111    281 333 58 126 418 307 
101    30 335 502 218 503 490 
110    435 257 67 313 173 73 
111    215 341 96 296 378 101 
111    46 164 346 228 48 309 
011    302 203 446 317 121 399 
101    340 423 23 391 481 29 
000    136 82 50 463 316 474 
000    248 467 84 443 423 18 
110    238 487 264 123 496 391 
100    260 468 1 182 379 116 
110    452 409 41 195 140 139 
111    165 270 414 339 222 357 
011    411 230 385 2 476 37 
110    195 258 147 389 50 277 
000    287 243 163 106 399 291 
110    39 113 344 303 87 374 
001    496 352 68 319 440 231 
110    117 169 343 331 181 315 
100    198 407 8 318 365 335 
010    76 313 292 447 411 443 
110    442 428 42 122 82 267 
110    376 428 278 210 357 400 
101    47 18 81 468 410 95 
001    440 51 26 35 213 396 
101    402 7 311 405 48 241 
101    385 356 111 240 451 412 
000    171 501 419 205 265 454 
011    37 449 352 428 301 90 
001    316 463 369 424 68 148 
100    302 363 168 308 333 43 
000    208 493 165 176 260 302 
000    264 125 298 434 475 263 
011    246 217 181 479 254 48 
010    463 319 494 262 140 359 
110    155 489 437 306 292 405 
100    383 112 157 471 108 406 
010    73 89 179 135 491 1 
000    177 123 360 478 399 395 
001    268 363 380 325 336 370 
111    433 272 248 65 232 254 
011    201 260 459 427 75 233 
110    270 431 177 22 241 142 
110    495 287 44 31 41 198 
100    178 402 372 164 334 134 
110    354 384 218 480 253 112 
000    96 219 135 381 316 494 
011    473 77 143 178 35 452 
110    349 46 68 462 354 49 
001    4 504 154 344 10 461 
000    10 301 9 122 308 15 
000    87 98 277 293 318 502 
111    178 180 478 93 102 433 
111    25 133 472 362 502 191 
001    289 263 254 366 282 423 
111    272 357 259 291 332 84 
100    482 196 341 341 20 282 
000    402 146 432 152 405 359 
001    443 293 235 88 414 80 
110    80 495 357 151 211 461 
001    500 442 33 110 206 128 
101    413 343 199 109 268 95 
001    96 263 313 26 61 123 
100    426 66 481 197 350 430 
011    403 341 159 110 249 163 
010    326 439 4 119 254 315 
111    158 483 15 192 414 411 
110    441 441 180 139 393 374 
101    443 498 18 245 167 357 
011    406 51 156 341 256 115 
011    303 175 372 143 410 215 
000    465 105 55 82 357 436 
000    309 206 393 25 248 114 
001    91 449 505 434 188 462 
011    393 310 487 120 420 452 
100    456 401 248 400 32 351 
000    374 233 107 223 485 295 
001    307 148 151 63 73 306 
011    245 54 58 210 169 22 
010    33 46 62 120 346 198 
100    437 230 70 476 491 79 
011    408 143 128 94 474 238 
111    116 123 483 194 397 357 
000    163 34 270 381 97 134 
100    14 354 85 416 299 236 
000    36 111 130 299 91 474 
111    205 81 111 277 326 194 
100    260 45 127 336 281 260 
001    232 466 471 446 104 141 
111    71 368 161 291 24 269 
011    105 227 80 278 240 299 
001    477 227 104 189 43 181 
110    324 100 351 207 176 196 
001    395 426 213 160 226 412 
010    507 506 240 171 46 242 
000    321 447 434 103 382 29 
000    10 402 175 271 439 252 
001    373 26 453 135 138 150 
000    294 407 2 392 241 158 
011    360 359 508 44 336 12 
010    88 444 228 419 171 361 
100    230 68 147 6 313 338 
110    264 140 161 370 379 25 
011    100 323 220 132 22 299 
111    249 454 50 203 419 235 
111    15 414 328 103 503 218 
001    211 336 442 118 86 80 
111    410 393 291 162 112 130 
010    155 29 464 89 113 140 
100    208 149 202 483 47 425 
011    254 481 338 17 95 248 
110    126 437 123 232 108 158 
110    226 104 254 306 255 422 
110    160 295 310 361 281 41 
010    250 212 381 276 32 350 
100    45 465 299 459 330 86 
111    501 502 104 482 423 149 
010    420 224 168 54 281 185 
100    162 441 111 67 437 289 
100    58 204 85 261 34 214 
110    58 289 497 293 287 375 
101    327 160 198 266 304 6 
100    276 262 180 459 387 147 
000    361 426 502 242 435 415 
100    507 199 224 482 353 174 
100    408 433 173 30 363 193 
111    257 224 485 414 68 389 
001    217 325 211 386 507 299 
010    364 403 108 207 38 488 
000    408 97 314 87 78 184 
001    152 193 63 182 183 67 
001    495 497 86 431 367 274 
011    53 302 458 395 52 448 
100    141 327 114 124 206 248 
111    104 139 5 215 412 15 
011    489 126 268 162 385 402 
111    260 273 315 271 5 297 
000    451 272 170 27 141 160 
110    398 206 176 501 47 389 
100    1 118 127 330 398 34 
010    322 71 270 337 3 375 
111    186 15 319 2 367 83 
110    278 105 441 315 453 121 
010    450 508 11 296 455 4 
001    492 357 76 238 136 433 
100    179 143 13 233 300 292 
011    43 157 78 94 284 423 
010    368 258 143 481 121 97 
010    285 470 472 297 115 72 
111    381 386 469 264 507 5 
101    151 124 346 279 136 31 
100    129 123 168 386 371 431 
010    414 193 131 331 461 422 
110    120 264 39 64 50 47 
011    224 110 237 203 4 112 
000    276 79 224 112 56 4 
010    478 327 322 476 388 152 
101    455 354 318 146 430 349 
111    198 5 188 487 356 117 
100    9 489 142 436 307 27 
000    118 51 289 69 455 343 
110    29 214 361 251 107 25 
001    360 238 141 184 508 140 
101    479 211 240 33 157 139 
100    343 194 463 31 257 492 
010    486 60 474 391 126 362 
101    132 232 437 318 93 282 
101    330 55 386 473 132 203 
100    266 436 263 310 429 79 
110    213 255 144 151 226 400 
001    345 386 114 314 277 390 
010    112 123 172 394 13 322 
000    16 459 482 308 492 176 
111    139 18 385 117 81 290 
110    336 422 267 7 33 279 
100    340 328 3 248 221 431 
101    507 468 418 41 147 501 
111    499 398 310 468 313 224 
111    259 327 267 280 504 88 
001    148 94 447 308 291 263 
010    316 206 493 400 399 82 
001    187 301 82 341 341 127 
100    470 108 506 223 177 476 
011    377 380 319 236 439 371 
101    148 451 233 253 418 118 
110    369 355 78 70 462 42 
100    44 217 53 392 83 25 
001    23 386 380 38 87 359 
000    409 156 285 411 261 270 
000    302 171 338 199 100 200 
101    103 469 350 306 442 96 
010    123 387 273 272 386 169 
000    4 151 125 126 484 182 
000    372 124 211 462 339 219 
111    231 55 123 452 345 176 
110    242 191 450 95 12 30 
111    46 69 438 15 392 184 
001    462 327 219 28 307 299 
011    270 507 491 284 365 197 
111    345 386 114 28 172 162 
010    113 138 386 94 173 472 
101    475 193 451 302 449 425 
111    484 24 241 360 91 299 
011    219 118 66 398 110 282 
100    416 100 312 370 57 292 
101    309 405 155 86 502 498 
011    42 100 450 385 163 221 
111    484 393 313 432 124 453 
001    149 458 298 50 142 108 
001    350 46 317 304 233 504 
100    418 399 175 440 296 411 
110    296 507 91 302 360 24 
000    387 150 461 313 387 470 
000    330 401 65 404 390 181 
101    233 195 165 279 438 193 
011    69 60 380 201 238 138 
001    350 138 39 137 205 429 
111    398 313 125 118 221 453 
111    227 237 485 397 301 417 
011    417 105 92 439 180 24 
111    180 500 101 294 182 458 
110    334 64 333 330 220 302 
111    122 145 82 99 77 291 
111    306 13 400 162 328 409 
000    417 148 249 153 423 363 
100    169 226 9 373 440 111 
101    365 19 220 117 204 131 
000    198 376 465 375 95 322 
110    445 420 416 69 229 96 
010    118 455 231 59 84 119 
001    265 410 385 105 283 62 
011    404 491 258 36 508 124 
000    399 69 114 422 281 321 
001    167 44 365 233 491 289 
100    468 65 112 223 221 213 
100    11 200 498 235 59 433 
100    503 381 77 380 190 135 
101    395 14 418 7 473 145 
000    111 26 455 84 138 469 
000    47 295 398 180 458 195 
010    58 438 137 471 435 21 
100    362 234 290 43 51 466 
101    482 329 308 18 504 269 
000    149 489 306 150 50 189 
000    46 21 341 58 492 203 
110    268 472 210 281 374 141 
011    484 297 195 2 40 21 
101    246 442 154 279 198 241 
000    369 159 82 448 206 454 
111    394 434 346 144 112 210 
111    32 382 410 52 190 387 
010    207 499 169 270 491 441 
010    210 232 279 334 339 25 
101    186 27 465 269 476 57 
111    221 99 29 35 264 289 
100    46 34 464 405 402 20 
110    276 384 410 323 95 123 
101    440 225 438 193 138 145 
111    461 211 444 85 206 34 
111    487 281 117 147 420 192 
001    350 70 278 344 182 7 
110    335 219 274 265 175 100 
111    61 131 37 76 471 202 
001    451 365 286 177 203 255 
010    318 110 256 287 408 428 
001    52 190 489 396 68 233 
100    366 284 360 441 206 89 
101    451 403 40 319 375 345 
001    198 458 26 290 13 46 
110    243 472 23 232 17 82 
000    88 60 143 134 104 110 
110    33 485 444 325 183 126 
001    368 300 239 91 49 100 
111    185 471 422 194 229 75 
010    77 158 255 386 451 490 
110    173 265 491 275 207 237 
000    434 249 334 95 288 113 
110    498 275 45 280 491 171 
001    223 103 83 343 7 458 
001    119 165 371 163 450 227 
011    5 37 408 423 452 161 
001    426 110 305 237 131 294 
110    485 438 486 453 362 317 
110    85 141 234 395 375 49 
101    195 477 69 116 352 308 
001    137 86 5 102 369 234 
110    72 351 497 426 369 405 
001    388 461 111 233 384 50 
011    293 260 125 10 249 398 
111    179 166 360 33 175 325 
100    490 280 25 258 5 366 
001    47 234 91 483 431 317 
101    128 503 105 47 404 178 
110    184 37 411 364 54 193 
001    188 286 458 206 436 349 
110    364 215 422 306 126 179 
000    231 236 57 395 159 274 
011    66 285 281 15 106 131 
011    502 453 465 30 109 456 
010    291 100 96 310 476 113 
111    23 365 128 371 83 131 
011    78 209 91 128 114 67 
001    361 243 82 147 194 95 
101    290 321 504 67 411 367 
001    503 190 3 179 447 3 
001    263 439 9 273 262 173 
000    397 123 148 56 296 399 
100    378 239 91 312 424 219 
011    249 90 257 190 142 294 
011    409 396 51 483 431 341 
101    296 452 461 180 181 224 
111    131 312 222 84 369 145 
110    325 183 179 431 461 389 
110    284 12 362 69 228 7 
011    439 40 99 261 95 356 
001    291 501 164 281 244 401 
011    397 170 205 81 396 109 
010    83 252 288 411 489 384 
000    473 210 65 298 299 67 
001    18 181 126 269 487 495 
110    311 302 395 452 171 141 
111    304 327 418 90 115 505 
110    59 30 456 8 315 178 
100    262 319 481 97 301 23 
011    102 114 237 267 452 2 
000    381 190 354 290 60 391 
011    144 375 60 458 391 317 
101    112 328 181 68 230 296 
010    463 278 53 492 200 465 
001    421 309 311 295 39 92 
110    135 9 388 433 306 228 
011    367 335 81 253 297 34 
111    99 267 156 365 319 497 
000    456 149 113 436 237 311 
010    393 484 179 208 164 221 
010    56 345 318 350 241 355 
100    409 334 362 403 129 434 
110    36 500 278 472 280 293 
011    460 7 4 382 114 379 
100    243 120 505 331 378 460 
011    398 497 182 202 10 367 
110    77 254 130 53 314 481 
110    428 256 502 26 313 79 
100    44 342 75 112 49 67 
101    16 381 338 293 55 371 
101    472 200 255 41 478 284 
100    108 85 51 236 250 378 
000    441 487 456 297 298 392 
111    197 359 455 143 320 23 
001    154 499 153 174 74 179 
011    31 216 101 386 109 341 
011    370 54 35 62 383 443 
101    125 180 183 51 428 452 
100    87 141 274 1 19 402 
001    247 200 386 158 131 82 
010    91 117 234 304 384 250 
001    97 333 50 470 77 456 
110    422 426 367 384 415 305 
011    361 479 442 489 158 195 
111    161 84 298 235 140 257 
011    442 167 261 64 41 467 
000    307 166 300 226 489 344 
011    415 74 362 38 171 413 
101    295 202 290 173 154 172 
111    127 220 3 8 408 38 
101    461 51 364 121 114 120 
101    391 252 374 306 98 168 
010    49 263 61 66 203 225 
011    175 277 326 141 410 95 
111    148 72 416 267 98 282 
001    207 74 195 138 110 111 
000    56 297 329 407 373 48 
111    498 50 383 86 411 221 
000    329 343 137 123 232 477 
001    234 434 35 326 328 193 
000    29 390 414 278 275 367 
110    78 442 441 115 216 291 
011    401 288 143 209 255 211 
011    204 293 285 406 269 348 
101    220 148 344 194 398 156 
001    127 339 158 99 16 286 
110    100 366 411 328 227 269 
001    72 489 146 473 22 139 
111    56 351 36 66 414 461 
010    241 164 504 434 300 343 
000    174 423 174 423 203 41 
101    258 270 410 389 319 85 
010    437 346 129 437 407 141 
010    212 256 227 10 44 465 
011    160 156 209 170 241 59 
001    146 20 276 83 458 65 
010    452 69 167 232 376 171 
110    193 346 499 309 324 429 
010    489 277 107 481 491 65 
111    381 308 431 121 459 262 
000    135 33 71 508 458 163 
000    200 306 196 28 349 115 
101    401 388 31 55 153 14 
010    6 45 3 133 369 377 
110    349 110 15 103 139 149 
010    32 479 465 464 337 144 
011    212 251 391 141 423 415 
110    21 256 371 25 12 164 
111    85 73 414 54 48 15 
110    124 229 318 72 178 435 
100    336 50 464 37 141 318 
011    40 394 453 326 9 63 
001    410 105 256 33 195 350 
110    42 471 455 316 370 312 
000    478 222 349 12 112 453 
000    172 13 326 403 424 93 
011    124 463 182 493 205 341 
100    351 322 43 62 44 379 
001    12 210 379 462 485 192 
010    205 128 355 123 456 18 
000    339 28 446 476 42 300 
101    385 128 497 194 133 498 
111    447 275 485 219 370 129 
011    445 455 295 43 315 345 
000    383 66 79 149 73 460 
111    127 454 121 211 171 364 
101    491 323 499 118 440 20 
011    488 50 471 465 492 150 
000    492 439 148 350 506 475 
110    254 268 167 109 481 299 
101    258 391 489 81 28 208 
101    484 435 271 341 477 235 
101    235 380 283 354 367 413 
100    224 153 384 506 50 233 
010    360 333 431 143 114 302 
111    352 276 332 160 344 93 
110    481 423 247 395 296 255 
111    225 283 68 439 170 40 
011    204 244 383 430 313 252 
100    82 190 231 279 52 270 
000    136 64 452 61 464 319 
010    307 131 109 157 268 196 
011    384 4 294 115 273 31 
110    317 251 495 47 246 18 
111    268 508 262 305 50 68 
101    278 82 163 123 311 188 
101    276 266 184 203 416 206 
011    253 401 33 318 80 238 
100    375 370 74 120 457 164 
100    56 409 75 183 195 473 
111    457 428 323 405 192 19 
010    485 38 323 235 496 38 
110    76 307 268 372 166 323 
101    131 61 50 175 216 365 
101    150 458 401 330 491 348 
100    89 217 466 10 405 243 
101    399 406 76 118 333 278 
111    418 412 223 236 104 361 
010    427 382 289 236 80 402 
011    321 423 128 428 306 120 
101    219 185 210 335 405 124 
111    459 446 351 202 503 459 
011    85 282 83 260 68 67 
110    31 63 31 106 202 504 
001    481 476 450 309 361 400 
110    388 496 194 135 483 127 
111    197 399 418 412 15 392 
101    80 401 455 320 135 293 
101    170 175 320 360 345 151 
000    394 144 55 166 3 149 
000    150 500 245 470 423 194 
100    410 432 244 462 65 254 
000    232 215 498 92 23 346 
101    365 390 485 53 216 444 
000    70 433 306 368 271 136 
001    287 476 320 132 45 158 
000    95 130 156 5 218 141 
100    110 403 319 463 148 478 
011    177 356 240 289 269 97 
100    158 402 99 70 406 378 
100    261 432 308 66 374 248 
100    482 350 466 313 90 75 
111    465 248 306 80 199 48 
001    137 423 477 23 185 254 
001    449 36 243 286 425 134 
110    93 444 338 8 222 116 
110    441 99 257 148 56 286 
101    213 255 47 146 121 358 
001    283 93 455 245 297 153 
000    382 440 339 346 409 192 
001    484 165 154 411 105 500 
101    247 242 473 168 366 335 
111    263 227 262 218 431 119 
011    460 372 442 506 173 125 
011    204 231 198 66 76 74 
110    389 42 120 450 491 22 
110    379 260 279 123 415 174 
100    505 363 307 239 56 51 
000    202 364 253 21 95 455 
111    436 351 143 257 75 120 
111    172 481 292 402 53 398 
011    75 427 393 168 224 490 
111    488 31 140 263 437 211 
111    286 66 484 507 287 474 
110    20 442 450 380 454 132 
110    63 288 228 166 7 42 
011    411 70 38 268 229 454 
010    212 211 507 457 126 476 
011    156 333 307 69 119 166 
101    304 379 155 311 469 470 
011    353 233 296 333 257 286 
110    133 400 310 121 217 216 
100    486 38 377 76 489 129 
011    417 93 416 65 314 221 
001    99 284 21 97 462 69 
110    11 247 5 396 454 380 
001    383 73 363 386 13 186 
011    100 380 162 164 380 162 
000    341 502 173 371 201 251 
111    17 432 400 376 303 133 
