34 405 475 340 394 299 
475 1 67 332 451 302 
417 396 76 466 102 425 
479 134 394 159 320 307 
45 344 163 311 260 459 
251 58 299 117 421 124 
429 484 396 470 85 430 
214 444 137 197 301 321 
339 248 214 179 261 225 
116 350 174 283 316 245 
389 169 109 186 191 4 
451 207 212 91 466 60 
227 87 126 32 136 0 
76 148 339 482 149 493 
389 222 414 156 407 11 
118 72 253 107 341 503 
210 508 246 170 376 54 
466 258 229 54 63 281 
459 460 196 35 159 350 
27 297 441 319 2 113 
149 181 500 98 391 443 
265 401 285 171 47 411 
305 61 119 186 297 78 
150 72 398 378 235 275 
179 160 345 216 338 414 
471 272 335 476 59 71 
67 188 418 22 345 444 
107 359 26 62 492 179 
483 236 268 406 453 399 
235 168 373 90 480 262 
341 200 418 0 357 54 
153 474 287 34 354 249 
455 379 502 176 323 467 
359 444 276 249 350 138 
253 504 338 165 84 88 
346 122 338 251 270 119 
154 100 49 95 325 191 
471 263 425 399 22 188 
301 257 240 410 11 487 
207 138 133 358 130 138 
222 225 451 436 277 57 
314 139 194 57 284 499 
432 200 434 81 11 463 
245 381 226 270 256 221 
484 294 174 242 64 86 
347 276 370 71 7 211 
149 47 325 394 404 321 
312 115 490 436 17 102 
497 492 451 49 228 154 
223 177 138 411 61 433 
340 113 215 146 176 316 
148 4 322 241 76 341 
142 66 139 79 430 493 
161 89 233 254 291 177 
419 144 43 107 327 1 
463 460 139 198 129 353 
1 403 242 350 333 60 
203 321 408 368 317 162 
106 371 485 231 235 149 
176 213 346 376 3 192 
342 179 107 49 154 352 
87 37 467 390 73 173 
134 444 75 389 69 215 
373 194 288 68 82 375 
396 259 83 14 280 401 
111 204 200 41 213 269 
364 456 504 194 235 438 
98 12 483 12 246 150 
56 331 67 489 290 262 
492 491 124 16 454 463 
360 452 437 346 442 446 
137 8 266 129 30 236 
275 136 31 94 187 117 
453 321 147 202 489 122 
121 41 237 442 255 68 
501 399 403 143 41 305 
485 499 25 89 165 246 
492 259 402 405 266 301 
236 138 273 379 20 245 
453 258 49 103 88 452 
152 286 230 5 472 384 
267 235 495 187 212 6 
197 253 251 365 29 66 
251 66 351 237 425 65 
49 29 43 408 416 49 
425 11 507 16 292 25 
130 29 260 209 424 123 
274 507 308 406 227 14 
217 486 325 15 138 171 
430 272 58 321 328 405 
336 264 151 477 345 299 
477 271 168 237 118 175 
227 85 9 389 438 504 
382 105 231 356 130 438 
451 80 40 355 474 414 
249 126 275 99 281 334 
58 302 226 39 245 421 
137 455 402 448 154 449 
486 285 455 15 349 129 
138 340 420 17 81 301 
67 249 145 84 471 400 
383 376 208 328 178 500 
147 210 150 379 144 178 
305 440 16 363 127 206 
86 304 332 21 311 346 
259 78 491 379 508 376 
139 93 162 358 464 199 
290 449 252 119 11 430 
328 160 295 168 242 11 
262 385 111 453 192 501 
146 325 323 181 449 339 
121 191 418 258 185 385 
384 383 412 38 230 449 
410 171 108 410 434 282 
101 46 150 207 446 175 
459 132 290 418 290 128 
242 206 144 496 135 268 
357 312 391 237 402 296 
130 464 489 339 312 430 
271 475 253 475 359 310 
117 115 213 288 425 115 
141 203 318 441 149 146 
154 259 195 164 250 224 
66 281 199 79 428 404 
107 479 465 180 39 21 
375 493 287 78 345 49 
264 452 264 386 341 60 
378 455 264 176 304 138 
252 498 247 108 228 148 
503 374 102 10 386 39 
144 126 421 310 360 339 
478 209 79 228 276 79 
481 345 406 270 46 376 
140 104 354 386 77 149 
14 141 74 276 484 97 
371 314 244 28 272 275 
375 56 234 439 306 333 
60 236 161 33 12 289 
456 186 329 241 1 462 
350 28 295 337 230 97 
335 16 390 409 446 201 
376 328 25 169 361 213 
204 173 151 45 239 306 
200 231 287 106 458 65 
424 443 5 464 200 97 
458 295 501 4 352 482 
331 366 221 211 501 301 
492 66 325 474 189 227 
419 443 237 35 170 241 
438 20 461 186 310 315 
413 468 90 455 150 476 
264 153 110 107 159 277 
72 391 174 375 182 275 
57 314 338 289 244 388 
251 56 367 399 22 391 
196 405 190 245 81 30 
451 498 300 466 115 241 
231 215 300 227 300 501 
172 340 78 495 14 123 
83 485 355 432 463 35 
36 85 169 167 216 466 
282 138 496 118 262 59 
62 477 429 427 462 473 
434 158 115 425 428 265 
355 501 119 484 314 478 
503 421 37 460 65 490 
245 468 299 445 48 426 
70 404 167 30 275 306 
365 386 104 171 155 56 
382 7 349 47 136 142 
186 350 476 434 186 339 
357 108 329 316 256 158 
101 14 402 36 46 389 
396 225 352 458 75 478 
432 499 193 71 373 68 
292 94 443 463 154 321 
508 260 243 161 98 210 
339 121 229 53 84 35 
404 374 498 404 143 85 
99 307 468 172 254 33 
462 211 132 19 502 183 
254 44 468 420 319 127 
256 235 232 338 249 467 
374 66 326 198 302 287 
93 127 279 8 72 380 
328 188 198 489 247 251 
259 337 104 348 227 450 
65 306 162 48 390 177 
431 442 487 386 234 342 
271 290 486 254 85 378 
73 207 456 500 498 314 
274 101 365 357 59 88 
249 46 269 261 508 318 
71 245 17 337 454 226 
335 228 267 450 375 255 
222 421 90 273 102 47 
30 207 377 410 80 63 
356 44 246 25 508 211 
353 219 68 288 10 438 
196 72 50 352 48 150 
62 247 98 240 147 395 
41 312 125 402 376 480 
300 322 389 474 125 234 
457 254 433 381 464 105 
26 68 452 112 292 37 
394 133 160 401 49 205 
112 158 465 13 92 290 
442 80 440 288 212 451 
415 160 255 40 263 39 
499 87 160 156 117 288 
343 306 183 340 485 153 
465 342 452 124 295 341 
289 53 470 91 473 291 
359 369 264 45 55 427 
264 46 430 176 170 90 
65 461 75 146 461 66 
494 427 98 302 195 158 
22 8 391 466 489 46 
204 356 100 121 136 140 
432 136 92 267 287 60 
186 298 146 461 321 325 
61 32 90 268 471 391 
121 61 322 395 327 397 
311 147 218 267 54 274 
68 39 457 293 195 324 
426 372 419 248 15 96 
328 196 6 39 211 164 
102 90 377 507 186 443 
231 403 381 86 402 358 
160 282 263 467 57 449 
103 89 422 252 501 288 
471 221 439 418 40 505 
431 247 15 214 286 449 
115 6 223 360 227 497 
72 112 331 36 335 504 
25 149 188 132 241 75 
396 119 224 366 388 181 
237 82 398 389 170 164 
108 148 443 197 479 377 
77 347 311 373 276 362 
398 502 129 380 82 186 
248 59 294 219 159 505 
416 445 238 309 507 491 
153 359 228 187 293 3 
357 6 324 358 256 311 
29 398 270 261 453 428 
256 279 467 53 487 158 
249 157 325 296 199 142 
366 497 43 444 69 133 
2 388 335 159 245 462 
388 12 182 294 105 347 
238 456 67 199 388 89 
157 400 195 272 507 293 
481 88 250 178 258 417 
206 384 507 414 440 339 
470 57 161 208 136 137 
276 13 408 472 355 106 
166 350 462 425 477 207 
159 299 170 330 144 313 
78 396 258 152 246 424 
359 393 433 261 2 192 
480 222 401 302 341 93 
224 149 371 363 464 363 
236 200 90 139 145 57 
89 71 332 243 409 285 
366 469 153 465 297 261 
24 10 414 354 270 493 
114 344 412 296 222 2 
149 228 2 78 158 78 
483 311 130 401 166 222 
444 144 371 128 251 245 
456 343 5 116 177 332 
447 477 133 329 281 125 
275 429 96 169 157 333 
4 105 377 467 401 296 
312 158 466 104 248 322 
402 93 264 157 182 166 
302 278 404 431 484 260 
345 77 470 477 450 181 
415 480 91 58 101 213 
489 91 204 166 300 494 
506 321 472 420 418 179 
133 321 311 477 269 200 
358 455 339 382 211 67 
207 200 505 383 79 49 
346 128 502 219 123 408 
177 181 16 260 485 113 
57 108 488 197 271 310 
19 238 97 318 393 213 
364 402 500 167 273 252 
300 244 176 323 265 89 
50 206 231 167 249 341 
463 234 58 343 325 464 
308 50 11 193 269 9 
199 460 317 29 210 296 
19 241 312 301 501 228 
164 275 339 231 133 7 
282 391 452 355 320 410 
312 47 430 294 206 186 
431 431 292 29 479 215 
481 100 246 130 495 408 
282 150 369 67 391 304 
2 116 375 399 29 482 
75 141 43 165 111 89 
445 236 197 307 378 478 
304 421 193 209 24 388 
42 21 210 423 72 175 
494 31 456 350 303 233 
502 246 484 383 285 479 
195 1 494 266 103 246 
365 101 460 56 21 249 
257 77 504 17 154 313 
271 489 444 376 160 360 
88 302 365 428 82 191 
174 444 441 197 126 208 
238 83 191 84 467 222 
258 452 46 17 334 32 
134 267 67 33 126 250 
357 463 78 86 174 36 
107 296 105 148 296 90 
347 258 369 141 105 310 
36 293 64 386 395 199 
30 357 150 307 178 504 
384 338 214 416 446 421 
52 364 163 492 163 64 
256 93 391 89 398 494 
62 234 327 1 342 28 
272 213 343 267 487 208 
199 272 45 285 319 426 
250 327 116 343 473 417 
129 261 128 375 438 413 
342 77 149 339 389 462 
207 201 317 178 263 452 
81 275 88 421 160 467 
423 263 61 63 106 343 
126 151 274 379 300 144 
64 383 360 245 134 219 
348 135 310 116 89 159 
48 256 349 73 229 340 
443 268 30 126 270 8 
13 252 132 132 324 361 
146 21 353 446 226 462 
219 307 96 395 206 284 
423 469 315 183 465 74 
430 160 78 182 273 336 
159 498 56 178 67 69 
354 477 7 246 274 143 
71 316 31 217 426 154 
292 303 127 38 246 467 
419 116 249 502 102 423 
481 197 123 280 312 227 
392 415 303 492 212 401 
144 381 285 433 176 200 
371 58 387 434 193 402 
450 371 56 414 331 493 
141 66 210 14 500 290 
169 406 441 281 105 428 
320 113 470 30 4 449 
170 466 258 333 294 239 
25 95 467 33 454 44 
383 460 192 275 36 107 
141 483 349 35 88 270 
383 346 45 410 165 92 
207 167 31 276 145 200 
364 411 475 209 313 186 
359 389 458 246 6 117 
232 42 229 13 81 130 
47 369 254 382 278 22 
57 378 221 161 80 54 
150 38 412 417 321 49 
208 190 123 90 460 26 
332 463 205 253 240 321 
144 179 138 370 300 448 
84 7 59 475 479 133 
369 423 346 175 311 200 
141 337 446 152 72 243 
294 194 315 352 460 268 
441 391 369 240 395 133 
367 226 266 466 507 403 
436 357 443 209 410 356 
181 412 414 243 285 276 
106 102 292 486 55 385 
43 196 78 272 170 250 
23 416 417 349 413 353 
105 332 53 2 420 13 
434 102 62 43 43 439 
478 52 384 330 74 497 
261 492 114 150 22 183 
448 186 94 92 61 100 
463 361 371 223 173 138 
421 429 316 16 430 416 
240 8 389 435 358 259 
368 114 30 186 433 79 
482 116 144 432 366 283 
252 495 284 305 108 508 
407 395 235 128 391 93 
33 83 84 6 191 392 
372 316 488 85 133 36 
427 50 490 180 35 216 
192 455 492 213 187 492 
272 386 485 123 12 16 
284 61 486 176 241 259 
368 252 66 60 423 4 
435 332 335 332 491 470 
412 334 6 168 504 412 
213 507 491 179 352 311 
220 42 408 300 108 45 
201 437 134 209 452 17 
44 183 380 475 154 145 
304 88 205 148 132 245 
101 181 112 442 328 68 
239 77 206 442 117 158 
182 491 276 59 86 461 
136 45 150 228 422 296 
225 284 46 501 419 123 
369 318 3 38 98 185 
432 446 253 44 222 456 
420 406 167 25 473 387 
410 198 371 302 477 296 
198 367 343 464 426 456 
372 507 497 289 331 345 
160 131 87 185 431 87 
98 217 371 466 133 48 
451 354 264 404 387 385 
113 262 7 25 350 485 
284 380 476 270 261 443 
80 281 394 498 22 338 
67 215 244 311 452 302 
480 130 371 284 290 144 
91 294 124 387 428 445 
337 262 462 320 58 76 
336 258 118 93 32 184 
269 117 473 200 117 238 
320 322 169 341 189 229 
377 171 434 303 77 195 
104 181 505 446 77 58 
478 269 119 105 197 479 
239 489 429 11 315 343 
341 249 228 310 4 213 
383 248 325 280 101 330 
210 58 421 449 210 398 
174 101 260 28 474 302 
308 178 449 464 436 426 
423 180 355 383 308 27 
25 356 473 489 240 376 
303 263 460 63 278 169 
129 106 173 209 121 339 
431 220 164 319 114 312 
173 35 295 231 146 342 
342 230 302 204 263 360 
50 90 309 242 428 7 
80 403 489 487 257 357 
358 105 186 18 134 259 
247 58 155 338 131 485 
80 445 47 27 271 341 
391 271 20 403 371 249 
182 36 318 194 194 497 
315 296 451 451 36 225 
91 415 80 208 349 487 
334 494 256 149 256 81 
128 376 379 402 489 383 
461 165 304 457 448 115 
237 393 142 236 77 47 
441 216 164 170 91 98 
424 179 54 81 125 212 
444 405 6 49 383 345 
235 307 124 473 133 413 
163 198 241 151 487 272 
338 385 403 328 30 281 
434 219 75 244 45 263 
330 483 342 10 156 31 
112 469 7 212 281 264 
178 6 121 156 268 329 
470 28 401 123 452 333 
251 466 461 20 330 265 
274 383 480 134 441 163 
416 212 148 469 387 21 
172 88 336 318 226 49 
373 200 374 65 417 349 
240 474 99 169 338 431 
198 157 187 8 39 493 
110 300 334 506 456 255 
316 152 262 359 408 466 
405 471 161 229 269 225 
285 277 123 188 5 31 
171 407 378 117 225 46 
81 161 233 70 248 215 
404 13 17 348 68 314 
44 199 268 269 441 190 
49 165 259 279 141 309 
144 160 485 380 378 503 
501 241 467 241 390 168 
35 328 200 325 246 369 
483 341 336 245 165 72 
221 361 273 4 413 341 
272 502 185 297 498 307 
114 441 398 304 412 167 
457 277 1 397 469 296 
328 304 393 75 317 178 
143 478 225 56 2 310 
130 463 143 424 69 146 
228 243 256 49 46 438 
300 446 345 177 108 350 
486 472 62 108 306 17 
93 401 342 271 442 394 
207 158 424 334 395 144 
503 376 1 399 193 418 
28 66 51 103 157 285 
221 479 367 21 263 418 
108 81 124 6 170 423 
421 325 57 126 398 204 
422 331 71 38 215 349 
175 477 149 311 42 289 
281 444 261 376 80 48 
105 474 249 406 345 234 
440 239 297 214 314 492 
323 445 151 195 22 190 
38 500 174 209 373 34 
337 145 364 456 201 310 
185 255 39 386 109 165 
377 208 252 402 403 487 
239 448 119 269 221 162 
494 452 244 379 419 465 
199 492 422 385 69 53 
42 485 451 455 386 99 
201 139 206 440 227 250 
120 434 399 224 411 377 
116 482 463 507 315 413 
297 507 79 180 424 394 
159 352 276 317 356 295 
202 5 272 157 0 100 
384 367 31 506 246 449 
332 201 15 379 151 256 
170 49 6 464 426 210 
132 198 78 381 163 111 
40 186 36 488 214 60 
348 392 90 154 254 481 
343 186 18 2 402 153 
495 332 174 312 177 233 
444 443 248 487 60 275 
372 7 453 164 119 496 
448 275 287 346 401 310 
81 75 201 99 93 418 
281 498 274 464 130 290 
386 59 220 190 330 11 
330 328 357 309 80 132 
221 23 309 6 241 440 
271 443 300 124 278 272 
326 395 266 508 462 244 
259 35 395 165 399 244 
363 217 123 28 97 381 
446 70 433 233 60 443 
351 58 489 422 255 117 
11 48 146 74 484 15 
34 99 454 432 148 311 
167 37 502 274 412 181 
333 420 220 328 410 217 
218 315 45 100 483 456 
119 169 377 210 364 267 
183 43 25 384 176 355 
382 433 77 73 497 491 
478 423 428 383 413 162 
118 234 269 160 338 311 
359 65 323 249 297 237 
491 76 342 166 378 382 
363 260 440 338 422 219 
451 238 362 133 428 163 
427 205 396 155 243 60 
143 136 62 506 388 27 
56 129 491 20 233 106 
144 444 11 178 364 369 
290 49 507 349 394 417 
316 262 132 250 106 98 
164 170 270 349 383 206 
370 388 245 304 253 426 
273 376 302 20 380 43 
461 449 383 391 339 316 
1 410 268 24 375 458 
328 150 170 265 467 349 
484 489 442 119 447 501 
266 261 209 412 1 116 
40 81 191 66 229 499 
489 124 153 316 304 262 
158 101 8 41 455 123 
66 215 314 473 388 80 
49 363 23 374 104 261 
187 272 79 248 234 334 
407 359 410 110 337 129 
508 166 298 135 180 110 
303 479 176 310 416 236 
477 314 87 420 362 107 
404 386 328 269 234 290 
375 309 283 124 243 182 
319 71 388 411 396 90 
162 87 299 130 57 231 
223 184 472 15 440 419 
474 415 342 274 137 351 
432 432 391 11 118 508 
450 186 205 307 158 212 
60 78 158 360 444 313 
180 463 178 180 431 214 
88 425 498 425 364 308 
154 307 148 428 4 147 
44 416 495 490 221 290 
208 161 340 478 316 394 
128 441 60 60 454 457 
166 265 306 152 94 341 
466 457 293 126 21 391 
426 177 481 459 213 133 
168 287 387 272 14 11 
236 454 203 453 479 503 
507 24 370 224 133 199 
278 455 404 237 251 219 
334 171 170 390 106 340 
105 388 238 348 312 227 
75 404 160 196 425 181 
313 115 234 59 177 235 
383 49 430 43 436 424 
28 87 483 69 357 53 
460 29 203 451 352 236 
283 168 253 399 155 414 
226 233 183 353 216 214 
277 70 171 108 55 131 
32 472 111 312 455 28 
4 388 499 99 506 500 
169 203 294 54 262 410 
6 123 376 25 387 249 
505 70 369 398 175 126 
107 39 481 174 53 125 
402 434 431 99 20 78 
41 63 218 423 174 158 
301 447 420 461 496 55 
255 406 205 85 100 253 
193 132 450 42 26 412 
201 2 320 124 70 53 
138 411 199 321 220 11 
1 498 163 2 481 197 
504 469 326 226 408 420 
158 448 269 84 494 402 
108 454 270 450 29 346 
86 316 387 448 224 16 
247 55 208 178 241 318 
452 65 236 346 279 271 
246 471 105 316 471 490 
36 476 59 88 339 61 
472 204 138 276 293 354 
173 457 115 134 204 211 
237 99 206 54 505 260 
44 363 351 0 63 133 
42 267 119 436 216 441 
246 42 500 166 433 278 
213 121 485 507 227 126 
175 101 285 176 95 502 
368 44 37 222 189 164 
299 338 175 130 339 273 
106 237 181 267 345 159 
140 244 384 20 242 482 
64 309 401 214 441 195 
172 337 39 121 425 306 
482 44 503 504 259 63 
5 187 257 54 494 197 
146 402 314 148 432 479 
420 263 414 37 366 349 
360 303 33 296 26 338 
234 446 488 270 312 443 
13 11 359 255 96 336 
334 416 51 241 241 115 
500 501 214 121 498 407 
415 124 157 492 31 52 
8 462 228 412 428 479 
20 72 277 507 94 48 
157 186 212 241 466 467 
1 237 451 239 245 247 
109 115 122 117 26 62 
190 175 334 287 400 291 
460 417 214 339 282 5 
190 480 325 354 319 490 
16 95 500 504 409 219 
470 496 335 321 338 367 
411 33 120 117 450 252 
237 50 383 300 26 285 
445 227 32 284 14 206 
267 313 477 119 118 219 
229 502 507 276 398 482 
12 384 184 281 80 270 
199 442 114 31 296 91 
39 404 30 361 353 107 
393 371 501 428 93 336 
449 311 10 262 502 247 
287 400 210 404 32 274 
438 437 397 281 336 331 
311 172 82 165 306 160 
489 252 393 457 301 421 
272 428 105 386 332 207 
398 35 484 11 150 198 
411 475 415 204 288 146 
77 240 104 452 449 414 
21 91 317 234 21 353 
302 77 260 89 33 215 
51 29 41 336 370 29 
465 99 3 108 389 255 
398 304 274 59 498 219 
323 45 483 39 5 177 
397 495 27 416 38 266 
346 93 163 346 495 446 
496 428 375 413 253 104 
76 357 473 394 363 391 
37 47 196 438 233 115 
193 121 142 83 419 333 
141 83 487 103 165 434 
7 280 196 327 166 264 
179 421 83 200 57 316 
283 486 333 482 380 270 
357 428 420 0 361 209 
387 203 72 420 368 469 
338 302 151 265 42 21 
208 254 381 213 420 301 
69 276 456 161 106 266 
484 287 418 150 406 444 
451 307 40 381 377 89 
44 150 167 431 101 270 
59 260 421 502 442 399 
302 113 390 417 166 211 
444 104 293 336 43 349 
188 162 65 211 305 271 
238 253 47 220 4 282 
111 244 86 419 6 337 
300 141 311 221 168 290 
87 429 206 91 200 247 
184 84 346 232 441 303 
491 144 479 492 337 497 
156 384 445 21 41 185 
144 102 78 383 174 184 
458 127 328 265 315 289 
90 205 505 201 424 33 
213 394 401 375 336 336 
401 300 48 38 368 450 
284 376 483 424 337 231 
342 423 110 267 152 235 
459 86 263 9 108 122 
158 136 420 90 84 15 
294 62 177 448 310 333 
92 51 153 389 319 138 
411 5 380 20 163 70 
4 297 222 207 282 62 
398 310 159 381 196 371 
121 168 278 231 51 160 
57 501 142 446 319 165 
214 418 480 108 198 261 
441 119 401 193 417 38 
101 332 158 423 345 150 
169 40 346 156 475 199 
317 32 460 177 258 506 
252 428 124 32 209 35 
247 195 128 36 381 118 
352 240 63 27 416 440 
17 329 166 489 215 222 
303 356 403 119 101 268 
432 405 382 358 108 420 
61 319 440 135 104 71 
3 102 427 188 39 226 
209 487 318 380 134 452 
465 211 244 387 289 351 
29 360 359 205 371 428 
350 128 205 188 148 449 
390 142 368 121 303 319 
150 309 43 295 30 133 
210 270 441 346 61 28 
107 268 10 54 377 506 
44 328 245 20 91 54 
59 234 311 117 249 358 
506 202 168 26 101 207 
22 111 56 150 46 386 
214 281 70 448 228 6 
254 164 361 261 488 264 
457 356 333 36 381 61 
242 358 119 385 59 484 
26 496 213 400 244 419 
25 96 448 398 130 328 
364 480 428 80 171 244 
463 359 460 345 21 435 
415 435 228 53 127 78 
108 347 319 0 109 382 
248 140 253 252 246 57 
189 110 480 279 253 295 
471 82 372 350 279 383 
22 465 60 356 317 107 
275 287 51 334 480 379 
156 145 461 419 122 324 
248 332 4 452 488 4 
443 199 179 452 466 123 
61 492 83 224 166 69 
207 427 3 230 123 63 
93 343 6 439 490 347 
85 489 442 306 383 380 
180 238 111 141 455 192 
465 494 44 335 174 229 
400 504 265 77 219 274 
196 326 405 98 249 428 
115 174 451 361 133 435 
312 437 403 502 171 302 
1 171 430 148 65 459 
50 385 281 110 136 165 
365 331 260 174 178 268 
103 316 429 199 1 313 
357 131 54 155 437 98 
68 115 228 242 492 364 
92 276 444 199 95 30 
300 36 178 83 204 41 
70 85 355 184 433 396 
506 251 398 142 240 37 
328 100 506 267 371 330 
257 288 406 267 253 110 
356 383 303 280 73 149 
45 225 257 50 274 341 
312 477 258 119 92 257 
300 113 102 413 55 253 
154 479 409 64 462 361 
297 87 452 217 439 226 
493 260 73 413 498 20 
254 207 136 173 270 427 
338 318 430 85 287 209 
477 148 460 172 297 251 
220 451 328 446 180 459 
340 94 319 353 67 358 
48 472 303 437 4 129 
99 341 372 369 97 404 
273 71 275 154 143 139 
176 57 292 411 259 34 
445 323 420 101 362 393 
75 284 314 488 51 379 
375 340 261 435 491 494 
237 421 297 170 174 41 
384 33 429 130 460 43 
78 346 163 253 246 452 
185 322 369 197 344 436 
385 394 448 99 491 450 
21 141 425 498 283 149 
262 442 400 144 331 81 
43 284 237 245 30 51 
276 194 448 97 215 13 
160 145 386 235 434 91 
286 458 388 374 139 216 
199 490 229 58 311 368 
155 73 189 331 305 359 
200 300 219 259 406 340 
210 155 182 395 429 358 
225 138 103 434 507 479 
25 416 271 284 128 305 
327 494 319 306 85 15 
68 124 321 28 181 260 
154 123 203 275 117 413 
305 342 330 170 298 434 
326 298 372 435 42 390 
441 137 73 385 116 133 
148 246 242 304 309 56 
224 170 298 101 474 192 
207 470 81 434 192 178 
298 354 39 492 419 381 
358 210 6 84 193 404 
116 33 129 94 82 450 
480 440 151 227 503 39 
383 324 408 232 264 345 
413 492 163 125 372 424 
9 493 381 403 21 139 
115 330 245 207 48 480 
412 435 374 252 6 134 
475 158 24 176 508 410 
68 51 361 114 299 426 
138 257 181 236 249 333 
187 165 187 165 303 164 
410 64 453 249 177 61 
404 169 35 404 93 13 
382 175 204 453 117 392 
390 90 58 412 223 46 
24 351 359 359 428 206 
31 151 443 492 87 124 
262 79 118 494 35 487 
260 457 39 231 467 116 
320 299 405 479 62 164 
31 132 284 505 305 143 
291 206 275 112 378 460 
508 456 24 381 462 272 
427 315 327 13 393 203 
70 131 428 121 170 209 
66 379 327 33 283 345 
195 477 217 309 134 87 
404 368 23 361 426 275 
499 311 162 467 173 29 
257 309 388 383 153 294 
27 200 6 429 250 400 
391 90 363 175 58 381 
302 265 258 357 242 398 
31 149 117 479 9 79 
385 379 378 48 448 285 
179 52 286 85 169 372 
498 23 238 269 491 443 
78 501 191 508 483 498 
394 290 54 267 294 25 
126 167 37 112 253 308 
338 112 257 377 168 182 
400 146 115 480 45 281 
242 218 422 332 494 273 
293 263 223 242 276 222 
5 264 316 87 292 313 
119 389 453 200 504 198 
154 439 168 360 506 20 
258 309 333 275 15 289 
441 229 83 382 497 373 
394 246 405 36 163 93 
448 24 129 398 208 93 
49 197 476 220 433 86 
274 331 42 98 182 320 
213 103 358 224 25 187 
112 105 66 350 344 68 
171 383 421 14 306 196 
462 461 182 382 184 83 
467 503 4 269 427 108 
285 89 241 11 358 130 
298 143 374 50 426 71 
35 256 281 244 329 258 
245 186 136 82 119 175 
305 427 115 164 289 279 
34 434 160 442 426 48 
402 34 105 282 198 469 
159 409 339 272 164 457 
147 235 54 397 104 80 
277 108 277 1 418 463 
181 212 386 221 219 440 
224 284 408 235 485 365 
215 470 82 293 309 348 
125 315 225 448 450 315 
79 51 396 362 345 264 
435 148 410 481 11 418 
153 136 137 57 62 25 
277 231 88 273 93 177 
11 172 273 269 311 317 
477 214 504 42 434 169 
252 219 113 500 39 238 
393 419 488 332 391 206 
469 249 237 309 126 269 
152 49 409 282 100 434 
240 361 63 226 42 450 
448 211 508 273 341 423 
390 152 148 225 275 442 
421 371 176 404 377 345 
286 240 236 388 421 229 
290 56 52 118 20 227 
179 271 445 487 288 19 
49 67 220 155 12 87 
91 473 471 353 165 267 
277 13 477 269 118 206 
419 351 465 368 92 366 
167 507 36 389 201 303 
280 205 206 454 66 35 
60 152 118 213 79 245 
380 11 115 20 363 55 
440 339 258 265 398 385 
188 214 65 169 444 105 
35 287 455 79 93 13 
340 17 167 506 478 158 
503 122 184 271 227 198 
467 342 369 233 282 387 
59 275 461 1 152 248 
169 333 287 480 225 191 
221 105 266 315 294 138 
194 298 405 433 322 273 
356 324 299 24 156 265 
42 405 257 459 333 163 
1 233 338 366 109 259 
321 128 78 385 265 330 
172 58 485 378 178 384 
408 85 136 478 112 237 
106 170 51 305 417 172 
125 499 339 161 149 239 
236 403 494 168 2 337 
140 346 195 506 142 352 
39 127 142 6 22 149 
299 438 503 84 380 293 
54 103 105 244 296 1 
36 2 277 244 184 427 
166 424 76 299 153 146 
454 286 64 484 473 369 
145 172 5 235 21 490 
444 238 500 360 294 214 
31 75 297 237 327 230 
494 133 343 496 277 468 
291 216 351 125 311 264 
382 7 123 200 295 256 
11 54 439 32 49 465 
175 483 165 22 117 224 
261 110 485 261 268 472 
478 190 242 96 426 367 
150 383 126 242 78 78 
207 379 312 160 267 401 
295 462 133 408 318 33 
80 338 485 237 209 342 
88 281 196 105 281 196 
346 481 183 466 295 495 
443 84 15 462 455 237 
